0, 120.000000 15.000000;
0, 120.000000 16.000000;
0, 120.000000 17.000000;
0, 120.000000 20.000000;
0, 120.000000 21.000000;
0, 120.000000 22.000000;
0, 120.000000 25.000000;
0, 120.000000 26.000000;
0, 120.000000 27.000000;
0, 120.166512 22.000000;
0, 120.166512 27.000000;
0, 120.249657 20.000000;
0, 120.399002 26.000000;
0, 120.498573 20.000000;
0, 120.498573 22.000000;
0, 120.602180 16.000000;
0, 120.746758 20.000000;
0, 120.837547 17.000000;
0, 120.994263 20.000000;
0, 120.994263 21.000000;
0, 120.994263 22.000000;
0, 121.158188 27.000000;
0, 121.241043 20.000000;
0, 121.387802 26.000000;
0, 121.487144 20.000000;
0, 121.487144 22.000000;
0, 121.615395 16.000000;
0, 121.732536 20.000000;
0, 121.852905 17.000000;
0, 122.022652 15.000000;
0, 122.022652 16.000000;
0, 122.022652 17.000000;
0, 122.137711 27.000000;
0, 122.226463 16.000000;
0, 122.367393 21.000000;
0, 122.532471 15.000000;
0, 122.532471 17.000000;
0, 122.626534 22.000000;
0, 122.751312 26.000000;
0, 122.872948 17.000000;
0, 123.043404 15.000000;
0, 123.043404 16.000000;
0, 123.043404 17.000000;
0, 123.135735 26.000000;
0, 123.248116 16.000000;
0, 123.384743 17.000000;
0, 123.517822 26.000000;
0, 123.658279 16.000000;
0, 123.751114 22.000000;
0, 123.863739 16.000000;
0, 124.055237 27.000000;
0, 124.133904 25.000000;
0, 124.241180 17.000000;
0, 124.369316 25.000000;
0, 124.369316 27.000000;
0, 124.481903 16.000000;
0, 124.622627 20.000000;
0, 124.757576 17.000000;
0, 124.858437 20.000000;
0, 124.858437 21.000000;
0, 124.858437 22.000000;
0, 124.993080 27.000000;
0, 125.103058 15.000000;
0, 125.103058 16.000000;
0, 125.103058 17.000000;
0, 125.234146 21.000000;
0, 125.362877 15.000000;
0, 125.483536 22.000000;
0, 125.623337 15.000000;
0, 125.623337 17.000000;
0, 125.764900 25.000000;
0, 125.764900 26.000000;
0, 125.764900 27.000000;
0, 125.884468 15.000000;
0, 125.994827 25.000000;
0, 126.132401 26.000000;
0, 126.257416 20.000000;
0, 126.257416 22.000000;
0, 126.376373 27.000000;
0, 126.498047 26.000000;
0, 126.672356 15.000000;
0, 126.672356 17.000000;
0, 126.777962 16.000000;
0, 126.870796 22.000000;
0, 126.989548 16.000000;
0, 127.133629 25.000000;
0, 127.133629 27.000000;
0, 127.266846 21.000000;
0, 127.379005 17.000000;
0, 127.479271 22.000000;
0, 127.627892 16.000000;
0, 127.763901 26.000000;
0, 127.883377 27.000000;
0, 128.002884 15.000000;
0, 128.121796 26.000000;
0, 128.255585 25.000000;
0, 128.383148 22.000000;
0, 128.488113 16.000000;
0, 128.626083 27.000000;
0, 128.756760 20.000000;
0, 128.890839 21.000000;
0, 128.995285 17.000000;
0, 129.128662 22.000000;
0, 129.247299 21.000000;
0, 129.362045 25.000000;
0, 129.362045 26.000000;
0, 129.362045 27.000000;
0, 129.508484 27.000000;
0, 129.635513 15.000000;
0, 129.727570 17.000000;
0, 129.867432 20.000000;
0, 129.867432 22.000000;
0, 130.014420 22.000000;
0, 130.131821 21.000000;
0, 130.246124 16.000000;
0, 130.381836 27.000000;
0, 130.483017 21.000000;
0, 130.599777 22.000000;
0, 130.751251 15.000000;
0, 130.887329 25.000000;
0, 131.007172 21.000000;
0, 131.103104 25.000000;
0, 131.103104 26.000000;
0, 131.103104 27.000000;
0, 131.246689 27.000000;
0, 131.376083 16.000000;
0, 131.528168 21.000000;
0, 131.618958 26.000000;
0, 131.747482 25.000000;
0, 131.873779 21.000000;
0, 131.990494 17.000000;
0, 132.132019 26.000000;
0, 132.245651 27.000000;
0, 132.379166 17.000000;
0, 132.476944 15.000000;
0, 132.618134 22.000000;
0, 132.760590 22.000000;
0, 132.902832 20.000000;
0, 132.902832 21.000000;
0, 132.902832 22.000000;
0, 133.007980 16.000000;
0, 133.115753 20.000000;
0, 133.245300 16.000000;
0, 133.375015 27.000000;
0, 133.487259 26.000000;
0, 133.610748 22.000000;
0, 133.751678 20.000000;
0, 133.751678 21.000000;
0, 133.751678 22.000000;
0, 133.865219 25.000000;
0, 133.990906 26.000000;
0, 134.158279 26.000000;
0, 134.257385 21.000000;
0, 134.383408 20.000000;
0, 134.492218 25.000000;
0, 134.492218 26.000000;
0, 134.492218 27.000000;
0, 134.631073 27.000000;
0, 134.760452 21.000000;
0, 134.871902 22.000000;
0, 134.991272 26.000000;
0, 135.115662 25.000000;
0, 135.260971 21.000000;
0, 135.363327 17.000000;
0, 135.488113 26.000000;
0, 135.634720 20.000000;
0, 135.758972 21.000000;
0, 135.873108 27.000000;
0, 136.010315 27.000000;
0, 136.121002 16.000000;
0, 136.254578 20.000000;
0, 136.254578 21.000000;
0, 136.254578 22.000000;
0, 136.358368 15.000000;
0, 136.358368 16.000000;
0, 136.358368 17.000000;
0, 136.475601 26.000000;
0, 136.639404 26.000000;
0, 136.752151 17.000000;
0, 136.870773 20.000000;
0, 136.966400 25.000000;
0, 136.966400 26.000000;
0, 136.966400 27.000000;
0, 137.129562 26.000000;
0, 137.241745 15.000000;
0, 137.373917 25.000000;
0, 137.373917 27.000000;
0, 137.509506 27.000000;
0, 137.619019 22.000000;
0, 137.754532 22.000000;
0, 137.889847 20.000000;
0, 137.889847 21.000000;
0, 137.889847 22.000000;
0, 138.001251 16.000000;
0, 138.117828 15.000000;
0, 138.117828 17.000000;
0, 138.234329 16.000000;
0, 138.375626 21.000000;
0, 138.496735 20.000000;
0, 138.589111 25.000000;
0, 138.589111 26.000000;
0, 138.589111 27.000000;
0, 138.750320 26.000000;
0, 138.859299 21.000000;
0, 138.991821 25.000000;
0, 138.991821 27.000000;
0, 139.125809 27.000000;
0, 139.259659 27.000000;
0, 139.367599 22.000000;
0, 139.500992 20.000000;
0, 139.500992 21.000000;
0, 139.500992 22.000000;
0, 139.633362 16.000000;
0, 139.767303 22.000000;
0, 139.873749 26.000000;
0, 139.993484 25.000000;
0, 140.139145 21.000000;
0, 140.259552 17.000000;
0, 140.391571 25.000000;
0, 140.496582 20.000000;
0, 140.615494 21.000000;
0, 140.752716 15.000000;
0, 140.892471 20.000000;
0, 140.985733 25.000000;
0, 140.985733 26.000000;
0, 140.985733 27.000000;
0, 141.117279 27.000000;
0, 141.250748 17.000000;
0, 141.379868 25.000000;
0, 141.379868 27.000000;
0, 141.510910 27.000000;
0, 141.615631 26.000000;
0, 141.745895 22.000000;
0, 141.876663 20.000000;
0, 141.876663 21.000000;
0, 141.876663 22.000000;
0, 142.007309 22.000000;
0, 142.137802 22.000000;
0, 142.242691 26.000000;
0, 142.360291 25.000000;
0, 142.502487 21.000000;
0, 142.658463 20.000000;
0, 142.658463 21.000000;
0, 142.658463 22.000000;
0, 142.752487 25.000000;
0, 142.870255 26.000000;
0, 143.020477 16.000000;
0, 143.125290 21.000000;
0, 143.241730 20.000000;
0, 143.342133 25.000000;
0, 143.342133 26.000000;
0, 143.342133 27.000000;
0, 143.499802 26.000000;
0, 143.629120 20.000000;
0, 143.754837 17.000000;
0, 143.869507 27.000000;
0, 144.002274 27.000000;
0, 144.135468 25.000000;
0, 144.135468 26.000000;
0, 144.135468 27.000000;
0, 144.269119 27.000000;
0, 144.362106 21.000000;
0, 144.515915 21.000000;
0, 144.618805 26.000000;
0, 144.740631 25.000000;
0, 144.885834 15.000000;
0, 144.885834 16.000000;
0, 144.885834 17.000000;
0, 144.976334 20.000000;
0, 144.976334 21.000000;
0, 144.976334 22.000000;
0, 145.120743 17.000000;
0, 145.239410 15.000000;
0, 145.358917 17.000000;
0, 145.495087 27.000000;
0, 145.634262 27.000000;
0, 145.747192 16.000000;
0, 145.867279 22.000000;
0, 145.994125 22.000000;
0, 146.120834 20.000000;
0, 146.120834 22.000000;
0, 146.247437 22.000000;
0, 146.373947 22.000000;
0, 146.500336 20.000000;
0, 146.500336 21.000000;
0, 146.500336 22.000000;
0, 146.626617 22.000000;
0, 146.752808 22.000000;
0, 146.878860 20.000000;
0, 146.878860 22.000000;
0, 147.004852 22.000000;
0, 147.130707 22.000000;
0, 147.256470 20.000000;
0, 147.256470 21.000000;
0, 147.256470 22.000000;
0, 147.382111 22.000000;
0, 147.507660 22.000000;
0, 147.619293 16.000000;
0, 147.758453 22.000000;
0, 147.874039 26.000000;
0, 148.008865 20.000000;
0, 148.008865 21.000000;
0, 148.008865 22.000000;
0, 148.118622 27.000000;
0, 148.241852 26.000000;
0, 148.377548 15.000000;
0, 148.508453 22.000000;
0, 148.633102 22.000000;
0, 148.757660 20.000000;
0, 148.757660 21.000000;
0, 148.757660 22.000000;
0, 148.882126 22.000000;
0, 148.994446 26.000000;
0, 149.130798 20.000000;
0, 149.130798 22.000000;
0, 149.254959 22.000000;
0, 149.379044 22.000000;
0, 149.503036 20.000000;
0, 149.503036 21.000000;
0, 149.503036 22.000000;
0, 149.626938 22.000000;
0, 149.750748 22.000000;
0, 149.874496 20.000000;
0, 149.874496 22.000000;
0, 149.998077 22.000000;
0, 150.121536 22.000000;
0, 150.247437 17.000000;
0, 150.368088 22.000000;
0, 150.491180 22.000000;
0, 150.619019 25.000000;
0, 150.736938 22.000000;
0, 150.873337 25.000000;
0, 150.873337 27.000000;
0, 150.982178 20.000000;
0, 150.982178 21.000000;
0, 150.982178 22.000000;
0, 151.129089 21.000000;
0, 151.226913 22.000000;
0, 151.387756 25.000000;
0, 151.387756 26.000000;
0, 151.387756 27.000000;
0, 151.471130 22.000000;
0, 151.647690 25.000000;
0, 151.738571 16.000000;
0, 151.860840 21.000000;
0, 152.006638 21.000000;
0, 152.152283 21.000000;
0, 152.245804 15.000000;
0, 152.245804 17.000000;
0, 152.413239 16.000000;
0, 152.524338 17.000000;
0, 152.624329 20.000000;
0, 152.745239 16.000000;
0, 152.877731 21.000000;
0, 152.986160 20.000000;
0, 153.148026 27.000000;
0, 153.237396 25.000000;
0, 153.396515 16.000000;
0, 153.506012 25.000000;
0, 153.506012 26.000000;
0, 153.506012 27.000000;
0, 153.609436 17.000000;
0, 153.743881 21.000000;
0, 153.872498 15.000000;
0, 153.872498 17.000000;
0, 154.008453 22.000000;
0, 154.128708 22.000000;
0, 154.248978 20.000000;
0, 154.248978 22.000000;
0, 154.369278 22.000000;
0, 154.489563 22.000000;
0, 154.609863 20.000000;
0, 154.609863 21.000000;
0, 154.609863 22.000000;
0, 154.754257 21.000000;
0, 154.888779 17.000000;
0, 155.011703 15.000000;
0, 155.125153 25.000000;
0, 155.125153 27.000000;
0, 155.233063 26.000000;
0, 155.375076 15.000000;
0, 155.375076 17.000000;
0, 155.512863 20.000000;
0, 155.621338 21.000000;
0, 155.766037 21.000000;
0, 155.874588 20.000000;
0, 156.022430 27.000000;
0, 156.093948 26.000000;
0, 156.236740 20.000000;
0, 156.379517 27.000000;
0, 156.490570 21.000000;
0, 156.619003 16.000000;
0, 156.751404 15.000000;
0, 156.751404 17.000000;
0, 156.882736 16.000000;
0, 157.001083 25.000000;
0, 157.142273 16.000000;
0, 157.266052 25.000000;
0, 157.266052 27.000000;
0, 157.371994 26.000000;
0, 157.509323 20.000000;
0, 157.509323 21.000000;
0, 157.509323 22.000000;
0, 157.619232 27.000000;
0, 157.752975 22.000000;
0, 157.874985 20.000000;
0, 157.874985 22.000000;
0, 157.997147 22.000000;
0, 158.119461 22.000000;
0, 158.241928 20.000000;
0, 158.241928 21.000000;
0, 158.241928 22.000000;
0, 158.383362 16.000000;
0, 158.502289 27.000000;
0, 158.621582 15.000000;
0, 158.621582 16.000000;
0, 158.621582 17.000000;
0, 158.733398 22.000000;
0, 158.856888 16.000000;
0, 159.012238 17.000000;
0, 159.128601 21.000000;
0, 159.227707 22.000000;
0, 159.382263 25.000000;
0, 159.382263 27.000000;
0, 159.490341 15.000000;
0, 159.643158 25.000000;
0, 159.729721 27.000000;
0, 159.875214 21.000000;
0, 159.995422 16.000000;
0, 160.108475 26.000000;
0, 160.245331 27.000000;
0, 160.352341 22.000000;
0, 160.508545 17.000000;
0, 160.630234 21.000000;
0, 160.754349 27.000000;
0, 160.869293 15.000000;
0, 160.869293 16.000000;
0, 160.869293 17.000000;
0, 160.985855 22.000000;
0, 161.123627 26.000000;
0, 161.257080 27.000000;
0, 161.369415 22.000000;
0, 161.497864 22.000000;
0, 161.626663 20.000000;
0, 161.626663 22.000000;
0, 161.753784 27.000000;
0, 161.885239 22.000000;
0, 162.015030 20.000000;
0, 162.015030 21.000000;
0, 162.015030 22.000000;
0, 162.114395 26.000000;
0, 162.244781 27.000000;
0, 162.344559 16.000000;
0, 162.504379 26.000000;
0, 162.620041 17.000000;
0, 162.757309 16.000000;
0, 162.890976 25.000000;
0, 162.890976 26.000000;
0, 162.890976 27.000000;
0, 163.000229 20.000000;
0, 163.119949 21.000000;
0, 163.274338 26.000000;
0, 163.371567 16.000000;
0, 163.473495 15.000000;
0, 163.473495 17.000000;
0, 163.607208 25.000000;
0, 163.737183 22.000000;
0, 163.872635 22.000000;
0, 164.000504 27.000000;
0, 164.144897 22.000000;
0, 164.254349 21.000000;
0, 164.386841 16.000000;
0, 164.488022 15.000000;
0, 164.488022 17.000000;
0, 164.626083 20.000000;
0, 164.750809 21.000000;
0, 164.834213 20.000000;
0, 164.834213 22.000000;
0, 164.993286 15.000000;
0, 164.993286 16.000000;
0, 164.993286 17.000000;
0, 165.113602 22.000000;
0, 165.254105 20.000000;
0, 165.254105 21.000000;
0, 165.254105 22.000000;
0, 165.391617 27.000000;
0, 165.498077 15.000000;
0, 165.498077 17.000000;
0, 165.598984 16.000000;
0, 165.750290 15.000000;
0, 165.877686 26.000000;
0, 165.998550 27.000000;
0, 166.109222 20.000000;
0, 166.109222 21.000000;
0, 166.109222 22.000000;
0, 166.253876 22.000000;
0, 166.374664 25.000000;
0, 166.506638 15.000000;
0, 166.506638 17.000000;
0, 166.632904 21.000000;
0, 166.748428 27.000000;
0, 166.897308 27.000000;
0, 167.010803 15.000000;
0, 167.010803 16.000000;
0, 167.010803 17.000000;
0, 167.134766 26.000000;
0, 167.262909 15.000000;
0, 167.346909 17.000000;
0, 167.489304 25.000000;
0, 167.489304 26.000000;
0, 167.489304 27.000000;
0, 167.615799 16.000000;
0, 167.736618 22.000000;
0, 167.888779 20.000000;
0, 167.888779 21.000000;
0, 167.888779 22.000000;
0, 168.017578 26.000000;
0, 168.118439 20.000000;
0, 168.257050 21.000000;
0, 168.367523 25.000000;
0, 168.367523 26.000000;
0, 168.367523 27.000000;
0, 168.505035 22.000000;
0, 168.624130 16.000000;
0, 168.775375 15.000000;
0, 168.889297 26.000000;
0, 169.007141 21.000000;
0, 169.133987 22.000000;
0, 169.235107 25.000000;
0, 169.235107 26.000000;
0, 169.235107 27.000000;
0, 169.378754 27.000000;
0, 169.522110 27.000000;
0, 169.632538 16.000000;
0, 169.750977 26.000000;
0, 169.879440 25.000000;
0, 170.020905 20.000000;
0, 170.102859 22.000000;
0, 170.238373 16.000000;
0, 170.373245 17.000000;
0, 170.516083 20.000000;
0, 170.643265 16.000000;
0, 170.766785 20.000000;
0, 170.766785 21.000000;
0, 170.766785 22.000000;
0, 170.879868 17.000000;
0, 171.019653 20.000000;
0, 171.111389 26.000000;
0, 171.252289 16.000000;
0, 171.377319 21.000000;
0, 171.504379 27.000000;
0, 171.618164 22.000000;
0, 171.727509 17.000000;
0, 171.863541 16.000000;
0, 172.000641 21.000000;
0, 172.118805 26.000000;
0, 172.238342 17.000000;
0, 172.341309 27.000000;
0, 172.494583 22.000000;
0, 172.618851 25.000000;
0, 172.618851 26.000000;
0, 172.618851 27.000000;
0, 172.751251 17.000000;
0, 172.888412 16.000000;
0, 173.032928 22.000000;
0, 173.123581 20.000000;
0, 173.240768 25.000000;
0, 173.397141 20.000000;
0, 173.397141 22.000000;
0, 173.507263 21.000000;
0, 173.612396 26.000000;
0, 173.765686 22.000000;
0, 173.871246 15.000000;
0, 173.996628 27.000000;
0, 174.131790 15.000000;
0, 174.131790 16.000000;
0, 174.131790 17.000000;
0, 174.232498 20.000000;
0, 174.393219 15.000000;
0, 174.515900 20.000000;
0, 174.515900 22.000000;
0, 174.629959 21.000000;
0, 174.760925 16.000000;
0, 174.884415 25.000000;
0, 175.007263 17.000000;
0, 175.090134 20.000000;
0, 175.090134 21.000000;
0, 175.090134 22.000000;
0, 175.251617 26.000000;
0, 175.381027 20.000000;
0, 175.495926 25.000000;
0, 175.495926 27.000000;
0, 175.631500 27.000000;
0, 175.739868 26.000000;
0, 175.871338 22.000000;
0, 175.985596 15.000000;
0, 176.105148 25.000000;
0, 176.255798 15.000000;
0, 176.255798 16.000000;
0, 176.255798 17.000000;
0, 176.388733 26.000000;
0, 176.508972 21.000000;
0, 176.618637 17.000000;
0, 176.750977 21.000000;
0, 176.873901 26.000000;
0, 176.994537 21.000000;
0, 177.132034 16.000000;
0, 177.250427 27.000000;
0, 177.384766 27.000000;
0, 177.486252 20.000000;
0, 177.486252 21.000000;
0, 177.486252 22.000000;
0, 177.633713 15.000000;
0, 177.734375 21.000000;
0, 177.900635 22.000000;
0, 178.001587 26.000000;
0, 178.122086 25.000000;
0, 178.256851 16.000000;
0, 178.424332 20.000000;
0, 178.487595 21.000000;
0, 178.643600 26.000000;
0, 178.741547 20.000000;
0, 178.741547 21.000000;
0, 178.741547 22.000000;
0, 178.872772 17.000000;
0, 178.996872 21.000000;
0, 179.124146 25.000000;
0, 179.124146 26.000000;
0, 179.124146 27.000000;
0, 179.253555 21.000000;
0, 179.382401 20.000000;
0, 179.382401 22.000000;
0, 179.511581 21.000000;
0, 179.603943 26.000000;
0, 179.763718 26.000000;
0, 179.861343 17.000000;
0, 180.031448 20.000000;
0, 180.031448 21.000000;
0, 180.031448 22.000000;
0, 180.122971 25.000000;
0, 180.249527 22.000000;
0, 180.389481 16.000000;
0, 180.521744 25.000000;
0, 180.636765 16.000000;
0, 180.720978 25.000000;
0, 180.720978 26.000000;
0, 180.720978 27.000000;
0, 180.880310 26.000000;
0, 180.986511 27.000000;
0, 181.129837 22.000000;
0, 181.251877 27.000000;
0, 181.384537 27.000000;
0, 181.517136 25.000000;
0, 181.517136 26.000000;
0, 181.517136 27.000000;
0, 181.619110 21.000000;
0, 181.735580 17.000000;
0, 181.887375 21.000000;
0, 181.994293 26.000000;
0, 182.113510 25.000000;
0, 182.246490 22.000000;
0, 182.390839 17.000000;
0, 182.501617 15.000000;
0, 182.629959 26.000000;
0, 182.788803 26.000000;
0, 182.907913 25.000000;
0, 182.974075 27.000000;
0, 183.106400 25.000000;
0, 183.106400 26.000000;
0, 183.106400 27.000000;
0, 183.244110 16.000000;
0, 183.378143 20.000000;
0, 183.378143 22.000000;
0, 183.503265 25.000000;
0, 183.503265 27.000000;
0, 183.635513 27.000000;
0, 183.750015 17.000000;
0, 183.866211 15.000000;
0, 183.982834 17.000000;
0, 184.098328 25.000000;
0, 184.217392 15.000000;
0, 184.217392 17.000000;
0, 184.375961 26.000000;
0, 184.494919 25.000000;
0, 184.613358 21.000000;
0, 184.751266 20.000000;
0, 184.751266 22.000000;
0, 184.889267 21.000000;
0, 185.010391 26.000000;
0, 185.096512 20.000000;
0, 185.221832 27.000000;
0, 185.353973 27.000000;
0, 185.512314 16.000000;
0, 185.618256 27.000000;
0, 185.750381 27.000000;
0, 185.882523 25.000000;
0, 185.882523 27.000000;
0, 185.996826 21.000000;
0, 186.120346 26.000000;
0, 186.274490 21.000000;
0, 186.367096 22.000000;
0, 186.482880 20.000000;
0, 186.647934 17.000000;
0, 186.754517 26.000000;
0, 186.873428 25.000000;
0, 186.998230 16.000000;
0, 187.108688 21.000000;
0, 187.269821 25.000000;
0, 187.387054 21.000000;
0, 187.526276 20.000000;
0, 187.526276 22.000000;
0, 187.602600 16.000000;
0, 187.758362 22.000000;
0, 187.874420 20.000000;
0, 187.997726 27.000000;
0, 188.130341 27.000000;
0, 188.263016 25.000000;
0, 188.263016 27.000000;
0, 188.395782 27.000000;
0, 188.501251 21.000000;
0, 188.661591 25.000000;
0, 188.661591 26.000000;
0, 188.661591 27.000000;
0, 188.779861 21.000000;
0, 188.861176 25.000000;
0, 188.981049 26.000000;
0, 189.127014 16.000000;
0, 189.261322 25.000000;
0, 189.383377 22.000000;
0, 189.461990 25.000000;
0, 189.461990 26.000000;
0, 189.461990 27.000000;
0, 189.622833 26.000000;
0, 189.738892 16.000000;
0, 189.864624 25.000000;
0, 189.864624 27.000000;
0, 189.999207 27.000000;
0, 190.133972 27.000000;
0, 190.268906 25.000000;
0, 190.268906 26.000000;
0, 190.268906 27.000000;
0, 190.350433 16.000000;
0, 190.471695 25.000000;
0, 190.655807 16.000000;
0, 190.756302 26.000000;
0, 190.878555 25.000000;
0, 191.006195 20.000000;
0, 191.006195 21.000000;
0, 191.006195 22.000000;
0, 191.082581 25.000000;
0, 191.082581 26.000000;
0, 191.082581 27.000000;
0, 191.246124 26.000000;
0, 191.355301 27.000000;
0, 191.491943 25.000000;
0, 191.491943 27.000000;
0, 191.628754 27.000000;
0, 191.738342 26.000000;
0, 191.874008 16.000000;
0, 191.975464 17.000000;
0, 192.117783 21.000000;
0, 192.232941 26.000000;
0, 192.395737 20.000000;
0, 192.395737 21.000000;
0, 192.395737 22.000000;
0, 192.482834 15.000000;
0, 192.482834 16.000000;
0, 192.482834 17.000000;
0, 192.627350 22.000000;
0, 192.743179 20.000000;
0, 192.868347 27.000000;
0, 193.006958 27.000000;
0, 193.145767 25.000000;
0, 193.145767 27.000000;
0, 193.243927 15.000000;
0, 193.243927 17.000000;
0, 193.354279 25.000000;
0, 193.497635 17.000000;
0, 193.624496 15.000000;
0, 193.751343 17.000000;
0, 193.898254 26.000000;
0, 194.005035 15.000000;
0, 194.005035 16.000000;
0, 194.005035 17.000000;
0, 194.122147 27.000000;
0, 194.248795 22.000000;
0, 194.385284 15.000000;
0, 194.511703 17.000000;
0, 194.619415 21.000000;
0, 194.739975 26.000000;
0, 194.897400 21.000000;
0, 195.014038 17.000000;
0, 195.138504 15.000000;
0, 195.247726 25.000000;
0, 195.247726 26.000000;
0, 195.247726 27.000000;
0, 195.389114 27.000000;
0, 195.508438 15.000000;
0, 195.508438 16.000000;
0, 195.508438 17.000000;
0, 195.638443 22.000000;
0, 195.751785 17.000000;
0, 195.872406 15.000000;
0, 195.992294 17.000000;
0, 196.100143 22.000000;
0, 196.240433 27.000000;
0, 196.370636 16.000000;
0, 196.525253 25.000000;
0, 196.525253 27.000000;
0, 196.610809 26.000000;
0, 196.739227 25.000000;
0, 196.900314 20.000000;
0, 197.013489 22.000000;
0, 197.125076 26.000000;
0, 197.239563 27.000000;
0, 197.373260 21.000000;
0, 197.526093 27.000000;
0, 197.640549 21.000000;
0, 197.721481 16.000000;
0, 197.905548 20.000000;
0, 197.905548 21.000000;
0, 197.905548 22.000000;
0, 197.985413 26.000000;
0, 198.124542 22.000000;
0, 198.244247 25.000000;
0, 198.244247 27.000000;
0, 198.388168 27.000000;
0, 198.503357 26.000000;
0, 198.643600 17.000000;
0, 198.770798 22.000000;
0, 198.876877 20.000000;
0, 198.982498 22.000000;
0, 199.109024 25.000000;
0, 199.109024 27.000000;
0, 199.253418 27.000000;
0, 199.369003 26.000000;
0, 199.503464 20.000000;
0, 199.627014 17.000000;
0, 199.759338 25.000000;
0, 199.889572 26.000000;
0, 200.003174 15.000000;
0, 200.003174 17.000000;
0, 200.121155 27.000000;
0, 200.237000 26.000000;
0, 200.370453 17.000000;
0, 200.550980 15.000000;
0, 200.550980 16.000000;
0, 200.550980 17.000000;
0, 200.628159 25.000000;
0, 200.758621 26.000000;
0, 200.880447 21.000000;
0, 200.996124 20.000000;
0, 200.996124 22.000000;
0, 201.135574 27.000000;
0, 201.253830 17.000000;
0, 201.377258 22.000000;
0, 201.498169 25.000000;
0, 201.628708 26.000000;
0, 201.751785 22.000000;
0, 201.860809 27.000000;
0, 201.995331 16.000000;
0, 202.120026 20.000000;
0, 202.120026 22.000000;
0, 202.257706 17.000000;
0, 202.368484 25.000000;
0, 202.499008 26.000000;
0, 202.661331 20.000000;
0, 202.661331 21.000000;
0, 202.661331 22.000000;
0, 202.740341 17.000000;
0, 202.874359 21.000000;
0, 203.015305 22.000000;
0, 203.149612 16.000000;
0, 203.238205 25.000000;
0, 203.368546 26.000000;
0, 203.502243 21.000000;
0, 203.600174 27.000000;
0, 203.749573 15.000000;
0, 203.878281 22.000000;
0, 203.976257 15.000000;
0, 203.976257 17.000000;
0, 204.126236 17.000000;
0, 204.245575 16.000000;
0, 204.382523 22.000000;
0, 204.515427 21.000000;
0, 204.613541 27.000000;
0, 204.758408 25.000000;
0, 204.758408 26.000000;
0, 204.758408 27.000000;
0, 204.877731 22.000000;
0, 205.008530 17.000000;
0, 205.124100 16.000000;
0, 205.280228 26.000000;
0, 205.364761 22.000000;
0, 205.493362 21.000000;
0, 205.628204 25.000000;
0, 205.628204 26.000000;
0, 205.628204 27.000000;
0, 205.773193 27.000000;
0, 205.876144 21.000000;
0, 206.002792 22.000000;
0, 206.145584 15.000000;
0, 206.145584 16.000000;
0, 206.145584 17.000000;
0, 206.254700 21.000000;
0, 206.354630 15.000000;
0, 206.496185 25.000000;
0, 206.496185 26.000000;
0, 206.496185 27.000000;
0, 206.629364 20.000000;
0, 206.629364 21.000000;
0, 206.629364 22.000000;
0, 206.769348 15.000000;
0, 206.861694 20.000000;
0, 207.000473 21.000000;
0, 207.111740 17.000000;
0, 207.247955 17.000000;
0, 207.368301 21.000000;
0, 207.500458 27.000000;
0, 207.627274 16.000000;
0, 207.733154 21.000000;
0, 207.871277 26.000000;
0, 207.999390 25.000000;
0, 208.110764 16.000000;
0, 208.230392 20.000000;
0, 208.382858 26.000000;
0, 208.496216 27.000000;
0, 208.633835 21.000000;
0, 208.749069 16.000000;
0, 208.891953 26.000000;
0, 208.990143 21.000000;
0, 209.123245 20.000000;
0, 209.249908 17.000000;
0, 209.381134 15.000000;
0, 209.381134 16.000000;
0, 209.381134 17.000000;
0, 209.491638 22.000000;
0, 209.622330 27.000000;
0, 209.762070 27.000000;
0, 209.872787 21.000000;
0, 210.004303 20.000000;
0, 210.110275 25.000000;
0, 210.235245 26.000000;
0, 210.368591 22.000000;
0, 210.513916 22.000000;
0, 210.630493 16.000000;
0, 210.746780 15.000000;
0, 210.876297 20.000000;
0, 211.007965 27.000000;
0, 211.133545 15.000000;
0, 211.249313 16.000000;
0, 211.381683 22.000000;
0, 211.519043 15.000000;
0, 211.612045 21.000000;
0, 211.758347 25.000000;
0, 211.880295 26.000000;
0, 212.018570 16.000000;
0, 212.129028 21.000000;
0, 212.243698 22.000000;
0, 212.365738 25.000000;
0, 212.365738 26.000000;
0, 212.365738 27.000000;
0, 212.499908 27.000000;
0, 212.631042 16.000000;
0, 212.732895 17.000000;
0, 212.860153 15.000000;
0, 212.860153 17.000000;
0, 213.006943 26.000000;
0, 213.114349 17.000000;
0, 213.244247 20.000000;
0, 213.244247 22.000000;
0, 213.368210 17.000000;
0, 213.500854 21.000000;
0, 213.621704 15.000000;
0, 213.621704 17.000000;
0, 213.748352 17.000000;
0, 213.874878 17.000000;
0, 214.001358 15.000000;
0, 214.001358 16.000000;
0, 214.001358 17.000000;
0, 214.127731 17.000000;
0, 214.254059 17.000000;
0, 214.380295 15.000000;
0, 214.380295 17.000000;
0, 214.506439 17.000000;
0, 214.632523 17.000000;
0, 214.758530 15.000000;
0, 214.758530 16.000000;
0, 214.758530 17.000000;
0, 214.866257 21.000000;
0, 214.990891 27.000000;
0, 215.118912 25.000000;
0, 215.118912 27.000000;
0, 215.246643 27.000000;
0, 215.374054 27.000000;
0, 215.501175 25.000000;
0, 215.501175 26.000000;
0, 215.501175 27.000000;
0, 215.627975 27.000000;
0, 215.754486 27.000000;
0, 215.880707 25.000000;
0, 215.880707 27.000000;
0, 216.006622 27.000000;
0, 216.118973 16.000000;
0, 216.257523 25.000000;
0, 216.257523 26.000000;
0, 216.257523 27.000000;
0, 216.369949 22.000000;
0, 216.507263 27.000000;
0, 216.631653 25.000000;
0, 216.631653 27.000000;
0, 216.755783 27.000000;
0, 216.874710 16.000000;
0, 217.003159 25.000000;
0, 217.003159 26.000000;
0, 217.003159 27.000000;
0, 217.126389 27.000000;
0, 217.249359 27.000000;
0, 217.372025 25.000000;
0, 217.372025 27.000000;
0, 217.504257 20.000000;
0, 217.504257 22.000000;
0, 217.630539 16.000000;
0, 217.759476 21.000000;
0, 217.884125 26.000000;
0, 217.981110 27.000000;
0, 218.142288 20.000000;
0, 218.235672 16.000000;
0, 218.387070 16.000000;
0, 218.496750 22.000000;
0, 218.638550 22.000000;
0, 218.750656 26.000000;
0, 218.893738 26.000000;
0, 219.000793 25.000000;
0, 219.120728 21.000000;
0, 219.290955 21.000000;
0, 219.356125 25.000000;
0, 219.489594 22.000000;
0, 219.631516 20.000000;
0, 219.631516 21.000000;
0, 219.631516 22.000000;
0, 219.753830 16.000000;
0, 219.868301 15.000000;
0, 220.001694 27.000000;
0, 220.118271 27.000000;
0, 220.250793 15.000000;
0, 220.365829 16.000000;
0, 220.483902 20.000000;
0, 220.483902 21.000000;
0, 220.483902 22.000000;
0, 220.626129 22.000000;
0, 220.755844 25.000000;
0, 220.859726 26.000000;
0, 220.998001 26.000000;
0, 221.124710 20.000000;
0, 221.273987 25.000000;
0, 221.273987 26.000000;
0, 221.273987 27.000000;
0, 221.388779 27.000000;
0, 221.503418 27.000000;
0, 221.625076 22.000000;
0, 221.757278 16.000000;
0, 221.861252 17.000000;
0, 221.991364 15.000000;
0, 221.991364 17.000000;
0, 222.121704 17.000000;
0, 222.252228 17.000000;
0, 222.373611 21.000000;
0, 222.510345 26.000000;
0, 222.634644 20.000000;
0, 222.634644 22.000000;
0, 222.763397 27.000000;
0, 222.878845 27.000000;
0, 222.994583 25.000000;
0, 222.994583 27.000000;
0, 223.110641 27.000000;
0, 223.248932 21.000000;
0, 223.370728 15.000000;
0, 223.490143 16.000000;
0, 223.626038 26.000000;
0, 223.737839 20.000000;
0, 223.875244 25.000000;
0, 223.969727 15.000000;
0, 223.969727 16.000000;
0, 223.969727 17.000000;
0, 224.130310 16.000000;
0, 224.237579 17.000000;
0, 224.371887 15.000000;
0, 224.371887 17.000000;
0, 224.506470 17.000000;
0, 224.614304 16.000000;
0, 224.776398 15.000000;
0, 224.776398 16.000000;
0, 224.776398 17.000000;
0, 224.876663 20.000000;
0, 224.876663 21.000000;
0, 224.876663 22.000000;
0, 224.979553 15.000000;
0, 225.110199 20.000000;
0, 225.251434 21.000000;
0, 225.387711 15.000000;
0, 225.504623 22.000000;
0, 225.632339 21.000000;
0, 225.748383 25.000000;
0, 225.867371 26.000000;
0, 226.004700 15.000000;
0, 226.004700 17.000000;
0, 226.142578 17.000000;
0, 226.253113 16.000000;
0, 226.352646 25.000000;
0, 226.352646 26.000000;
0, 226.352646 27.000000;
0, 226.490265 27.000000;
0, 226.627548 15.000000;
0, 226.752853 16.000000;
0, 226.854279 26.000000;
0, 226.991684 22.000000;
0, 227.116196 17.000000;
0, 227.256516 15.000000;
0, 227.256516 16.000000;
0, 227.256516 17.000000;
0, 227.374329 26.000000;
0, 227.492615 27.000000;
0, 227.641922 25.000000;
0, 227.641922 27.000000;
0, 227.764145 16.000000;
0, 227.877167 20.000000;
0, 227.877167 21.000000;
0, 227.877167 22.000000;
0, 227.962677 17.000000;
0, 228.104858 15.000000;
0, 228.104858 16.000000;
0, 228.104858 17.000000;
0, 228.247345 17.000000;
0, 228.390152 17.000000;
0, 228.478622 26.000000;
0, 228.625900 22.000000;
0, 228.748596 15.000000;
0, 228.868454 26.000000;
0, 229.016190 20.000000;
0, 229.016190 21.000000;
0, 229.016190 22.000000;
0, 229.137939 16.000000;
0, 229.253769 17.000000;
0, 229.398819 15.000000;
0, 229.398819 17.000000;
0, 229.500427 21.000000;
0, 229.624405 20.000000;
0, 229.624405 22.000000;
0, 229.749619 21.000000;
0, 229.898224 26.000000;
0, 230.003830 21.000000;
0, 230.128983 17.000000;
0, 230.263351 20.000000;
0, 230.263351 21.000000;
0, 230.263351 22.000000;
0, 230.364334 16.000000;
0, 230.497101 15.000000;
0, 230.595596 20.000000;
0, 230.718918 15.000000;
0, 230.718918 16.000000;
0, 230.718918 17.000000;
0, 230.867188 17.000000;
0, 231.015808 17.000000;
0, 231.164719 15.000000;
0, 231.164719 17.000000;
0, 231.252579 25.000000;
0, 231.252579 26.000000;
0, 231.252579 27.000000;
0, 231.388657 15.000000;
0, 231.492218 26.000000;
0, 231.613327 15.000000;
0, 231.613327 16.000000;
0, 231.613327 17.000000;
0, 231.763489 17.000000;
0, 231.859482 25.000000;
0, 231.859482 27.000000;
0, 231.984039 26.000000;
0, 232.146851 22.000000;
0, 232.248642 21.000000;
0, 232.367172 17.000000;
0, 232.492828 25.000000;
0, 232.492828 26.000000;
0, 232.492828 27.000000;
0, 232.663467 22.000000;
0, 232.746872 15.000000;
0, 232.875443 21.000000;
0, 233.018692 26.000000;
0, 233.128342 17.000000;
0, 233.250778 16.000000;
0, 233.378616 27.000000;
0, 233.492584 25.000000;
0, 233.619110 16.000000;
0, 233.752487 22.000000;
0, 233.865234 21.000000;
0, 233.988953 16.000000;
0, 234.128006 15.000000;
0, 234.207184 21.000000;
0, 234.360199 15.000000;
0, 234.360199 16.000000;
0, 234.360199 17.000000;
0, 234.515289 17.000000;
0, 234.612656 22.000000;
0, 234.732788 16.000000;
0, 234.905960 20.000000;
0, 234.905960 21.000000;
0, 234.905960 22.000000;
0, 234.985199 26.000000;
0, 235.137802 17.000000;
0, 235.260864 21.000000;
0, 235.350006 20.000000;
0, 235.498795 22.000000;
0, 235.618073 21.000000;
0, 235.763428 15.000000;
0, 235.763428 17.000000;
0, 235.877716 26.000000;
0, 235.998734 15.000000;
0, 236.096558 22.000000;
0, 236.246353 20.000000;
0, 236.391632 17.000000;
0, 236.484055 26.000000;
0, 236.612015 16.000000;
0, 236.789688 25.000000;
0, 236.789688 26.000000;
0, 236.789688 27.000000;
0, 236.864120 17.000000;
0, 236.995834 22.000000;
0, 237.145737 20.000000;
0, 237.295639 22.000000;
0, 237.369064 16.000000;
0, 237.495422 17.000000;
0, 237.653381 15.000000;
0, 237.653381 17.000000;
0, 237.748184 16.000000;
0, 237.890472 15.000000;
0, 238.020981 26.000000;
0, 238.127869 15.000000;
0, 238.127869 16.000000;
0, 238.127869 17.000000;
0, 238.286301 17.000000;
0, 238.365585 15.000000;
0, 238.494675 20.000000;
0, 238.494675 21.000000;
0, 238.494675 22.000000;
0, 238.639023 26.000000;
0, 238.762283 17.000000;
0, 238.889389 16.000000;
0, 238.948639 26.000000;
0, 239.103516 25.000000;
0, 239.103516 27.000000;
0, 239.258408 26.000000;
0, 239.361694 27.000000;
0, 239.490814 25.000000;
0, 239.619949 27.000000;
0, 239.716446 17.000000;
0, 239.875626 17.000000;
0, 239.986084 22.000000;
0, 240.136459 27.000000;
0, 240.265579 25.000000;
0, 240.394699 27.000000;
0, 240.497955 26.000000;
0, 240.632706 21.000000;
0, 240.751129 15.000000;
0, 240.865875 22.000000;
0, 240.989914 15.000000;
0, 240.989914 16.000000;
0, 240.989914 17.000000;
0, 241.117279 26.000000;
0, 241.228668 15.000000;
0, 241.371902 16.000000;
0, 241.467392 15.000000;
0, 241.467392 17.000000;
0, 241.626556 17.000000;
0, 241.735580 26.000000;
0, 241.812759 25.000000;
0, 242.012604 20.000000;
0, 242.012604 21.000000;
0, 242.012604 22.000000;
0, 242.103897 17.000000;
0, 242.198257 25.000000;
0, 242.198257 27.000000;
0, 242.352249 26.000000;
0, 242.454803 27.000000;
0, 242.582932 25.000000;
0, 242.710922 27.000000;
0, 242.847183 20.000000;
0, 242.847183 22.000000;
0, 242.966690 25.000000;
0, 242.966690 26.000000;
0, 242.966690 27.000000;
0, 243.089844 16.000000;
0, 243.216980 17.000000;
0, 243.335403 21.000000;
0, 243.471252 16.000000;
0, 243.580048 26.000000;
0, 243.693649 17.000000;
0, 243.852478 15.000000;
0, 243.852478 16.000000;
0, 243.852478 17.000000;
0, 243.917953 22.000000;
0, 244.048065 20.000000;
0, 244.177322 22.000000;
0, 244.280090 21.000000;
0, 244.423859 16.000000;
0, 244.566605 15.000000;
0, 244.645874 17.000000;
0, 244.802216 26.000000;
0, 244.884674 21.000000;
0, 245.042084 15.000000;
0, 245.121292 17.000000;
0, 245.257919 25.000000;
0, 245.257919 27.000000;
0, 245.374619 16.000000;
0, 245.510254 27.000000;
0, 245.636169 25.000000;
0, 245.752151 21.000000;
0, 245.892105 20.000000;
0, 245.892105 22.000000;
0, 245.991333 15.000000;
0, 246.122498 22.000000;
0, 246.228226 15.000000;
0, 246.228226 17.000000;
0, 246.349274 22.000000;
0, 246.464951 15.000000;
0, 246.572510 20.000000;
0, 246.572510 21.000000;
0, 246.572510 22.000000;
0, 246.701477 15.000000;
0, 246.701477 16.000000;
0, 246.701477 17.000000;
0, 246.835800 21.000000;
0, 246.937805 15.000000;
0, 247.079498 16.000000;
0, 247.173950 15.000000;
0, 247.173950 17.000000;
0, 247.268326 16.000000;
0, 247.409866 15.000000;
0, 247.534790 20.000000;
0, 247.645554 15.000000;
0, 247.645554 16.000000;
0, 247.645554 17.000000;
0, 247.745804 27.000000;
0, 247.881042 15.000000;
0, 248.022217 16.000000;
0, 248.116302 15.000000;
0, 248.116302 17.000000;
0, 248.238327 22.000000;
0, 248.351334 15.000000;
0, 248.473358 27.000000;
0, 248.593613 25.000000;
0, 248.713577 27.000000;
0, 248.820724 15.000000;
0, 248.952637 25.000000;
0, 248.952637 26.000000;
0, 248.952637 27.000000;
0, 249.055054 15.000000;
0, 249.055054 17.000000;
0, 249.182724 22.000000;
0, 249.308914 25.000000;
0, 249.427078 27.000000;
0, 249.542496 20.000000;
0, 249.542496 22.000000;
0, 249.648590 21.000000;
0, 249.756638 15.000000;
0, 249.892944 22.000000;
0, 250.013016 25.000000;
0, 250.129227 27.000000;
0, 250.234695 22.000000;
0, 250.360687 25.000000;
0, 250.360687 26.000000;
0, 250.360687 27.000000;
0, 250.469025 21.000000;
0, 250.590820 27.000000;
0, 250.705368 25.000000;
0, 250.819611 27.000000;
0, 250.921158 15.000000;
0, 250.921158 17.000000;
0, 251.054565 20.000000;
0, 251.054565 21.000000;
0, 251.054565 22.000000;
0, 251.182877 26.000000;
0, 251.291809 20.000000;
0, 251.385696 25.000000;
0, 251.525421 20.000000;
0, 251.525421 22.000000;
0, 251.617874 21.000000;
0, 251.755554 20.000000;
0, 251.848480 15.000000;
0, 251.848480 17.000000;
0, 251.982407 20.000000;
0, 251.982407 21.000000;
0, 251.982407 22.000000;
0, 252.079727 15.000000;
0, 252.206146 20.000000;
0, 252.338959 21.000000;
0, 252.426941 20.000000;
0, 252.426941 22.000000;
0, 252.572556 22.000000;
0, 252.679962 16.000000;
0, 252.774338 26.000000;
0, 252.925766 17.000000;
0, 253.030746 21.000000;
0, 253.143539 22.000000;
0, 253.246460 27.000000;
0, 253.367142 21.000000;
0, 253.491821 20.000000;
0, 253.600525 16.000000;
0, 253.697906 20.000000;
0, 253.697906 21.000000;
0, 253.697906 22.000000;
0, 253.834213 22.000000;
0, 253.921967 15.000000;
0, 254.046478 26.000000;
0, 254.184631 21.000000;
0, 254.295105 25.000000;
0, 254.295105 26.000000;
0, 254.295105 27.000000;
0, 254.380524 15.000000;
0, 254.517960 16.000000;
0, 254.635040 22.000000;
0, 254.762115 17.000000;
0, 254.838348 15.000000;
0, 254.974152 21.000000;
0, 255.090546 20.000000;
0, 255.210587 25.000000;
0, 255.310699 27.000000;
0, 255.432510 16.000000;
0, 255.538910 22.000000;
0, 255.665848 20.000000;
0, 255.665848 22.000000;
0, 255.752014 15.000000;
0, 255.893158 21.000000;
0, 255.983078 26.000000;
0, 256.100250 25.000000;
0, 256.100250 27.000000;
0, 256.231506 20.000000;
0, 256.343658 21.000000;
0, 256.449127 26.000000;
0, 256.587433 17.000000;
0, 256.679535 25.000000;
0, 256.679535 26.000000;
0, 256.679535 27.000000;
0, 256.789459 20.000000;
0, 256.789459 21.000000;
0, 256.789459 22.000000;
0, 256.908264 26.000000;
0, 257.035431 22.000000;
0, 257.135315 26.000000;
0, 257.248199 25.000000;
0, 257.248199 27.000000;
0, 257.360718 26.000000;
0, 257.496857 17.000000;
0, 257.584473 26.000000;
0, 257.706879 20.000000;
0, 257.816193 21.000000;
0, 257.950897 17.000000;
0, 258.027222 26.000000;
0, 258.162659 16.000000;
0, 258.253387 15.000000;
0, 258.253387 17.000000;
0, 258.373138 22.000000;
0, 258.493927 22.000000;
0, 258.614594 20.000000;
0, 258.614594 22.000000;
0, 258.715546 27.000000;
0, 258.831635 21.000000;
0, 258.933411 15.000000;
0, 259.069305 16.000000;
0, 259.160309 25.000000;
0, 259.264771 21.000000;
0, 259.386383 15.000000;
0, 259.516998 20.000000;
0, 259.612732 15.000000;
0, 259.612732 16.000000;
0, 259.612732 17.000000;
0, 259.737915 26.000000;
0, 259.840942 21.000000;
0, 259.945404 25.000000;
0, 259.945404 26.000000;
0, 259.945404 27.000000;
0, 260.065338 15.000000;
0, 260.065338 17.000000;
0, 260.176666 22.000000;
0, 260.296539 22.000000;
0, 260.416382 20.000000;
0, 260.416382 21.000000;
0, 260.416382 22.000000;
0, 260.517700 15.000000;
0, 260.517700 16.000000;
0, 260.517700 17.000000;
0, 260.627472 27.000000;
0, 260.743774 15.000000;
0, 260.847748 21.000000;
0, 260.969849 15.000000;
0, 260.969849 17.000000;
0, 261.060242 16.000000;
0, 261.195862 15.000000;
0, 261.315063 20.000000;
0, 261.421844 15.000000;
0, 261.421844 16.000000;
0, 261.421844 17.000000;
0, 261.559143 26.000000;
0, 261.647766 15.000000;
0, 261.755432 26.000000;
0, 261.873688 15.000000;
0, 261.873688 17.000000;
0, 261.974091 22.000000;
0, 262.093903 22.000000;
0, 262.193085 25.000000;
0, 262.325378 15.000000;
0, 262.325378 16.000000;
0, 262.325378 17.000000;
0, 262.429382 21.000000;
0, 262.529694 26.000000;
0, 262.673004 25.000000;
0, 262.752899 20.000000;
0, 262.867249 16.000000;
0, 263.002747 15.000000;
0, 263.099457 26.000000;
0, 263.224854 27.000000;
0, 263.292114 20.000000;
0, 263.292114 21.000000;
0, 263.292114 22.000000;
0, 263.435883 21.000000;
0, 263.536499 27.000000;
0, 263.660461 26.000000;
0, 263.770355 16.000000;
0, 263.891235 22.000000;
0, 263.999237 27.000000;
0, 264.075806 25.000000;
0, 264.213287 26.000000;
0, 264.312225 16.000000;
0, 264.432617 17.000000;
0, 264.550385 20.000000;
0, 264.673462 16.000000;
0, 264.758484 25.000000;
0, 264.758484 26.000000;
0, 264.758484 27.000000;
0, 264.884155 17.000000;
0, 264.983551 25.000000;
0, 265.117981 26.000000;
0, 265.215302 16.000000;
0, 265.330322 22.000000;
0, 265.450439 20.000000;
0, 265.450439 21.000000;
0, 265.450439 22.000000;
0, 265.570557 22.000000;
0, 265.651672 25.000000;
0, 265.651672 26.000000;
0, 265.651672 27.000000;
0, 265.787262 17.000000;
0, 265.882996 21.000000;
0, 265.991180 20.000000;
0, 266.118378 16.000000;
0, 266.237488 27.000000;
0, 266.315887 21.000000;
0, 266.460297 21.000000;
0, 266.539856 17.000000;
0, 266.660309 16.000000;
0, 266.773254 22.000000;
0, 266.893707 20.000000;
0, 266.893707 21.000000;
0, 266.893707 22.000000;
0, 266.991486 17.000000;
0, 267.105194 27.000000;
0, 267.220093 26.000000;
0, 267.327454 21.000000;
0, 267.443268 17.000000;
0, 267.563751 16.000000;
0, 267.678040 27.000000;
0, 267.761627 21.000000;
0, 267.895203 17.000000;
0, 267.978851 20.000000;
0, 267.978851 22.000000;
0, 268.106201 16.000000;
0, 268.220337 22.000000;
0, 268.341125 20.000000;
0, 268.341125 21.000000;
0, 268.341125 22.000000;
0, 268.460083 25.000000;
0, 268.530945 27.000000;
0, 268.672577 25.000000;
0, 268.672577 27.000000;
0, 268.776245 21.000000;
0, 268.885101 20.000000;
0, 269.011505 16.000000;
0, 269.102112 15.000000;
0, 269.102112 17.000000;
0, 269.211823 21.000000;
0, 269.328735 15.000000;
0, 269.436432 26.000000;
0, 269.555450 15.000000;
0, 269.555450 16.000000;
0, 269.555450 17.000000;
0, 269.663452 27.000000;
0, 269.777222 26.000000;
0, 269.914673 22.000000;
0, 270.009369 15.000000;
0, 270.009369 17.000000;
0, 270.119904 26.000000;
0, 270.230194 21.000000;
0, 270.339447 20.000000;
0, 270.464020 15.000000;
0, 270.464020 16.000000;
0, 270.464020 17.000000;
0, 270.522858 27.000000;
0, 270.667542 21.000000;
0, 270.767639 17.000000;
0, 270.886444 20.000000;
0, 270.886444 22.000000;
0, 271.008148 22.000000;
0, 271.105804 27.000000;
0, 271.223999 17.000000;
0, 271.341797 26.000000;
0, 271.434448 20.000000;
0, 271.559509 16.000000;
0, 271.681732 17.000000;
0, 271.800415 20.000000;
0, 271.879456 26.000000;
0, 272.000305 27.000000;
0, 272.110382 16.000000;
0, 272.227997 22.000000;
0, 272.350342 20.000000;
0, 272.350342 22.000000;
0, 272.448273 17.000000;
0, 272.570679 21.000000;
0, 272.663879 16.000000;
0, 272.767792 27.000000;
0, 272.901581 20.000000;
0, 273.012024 21.000000;
0, 273.085663 20.000000;
0, 273.085663 22.000000;
0, 273.220581 15.000000;
0, 273.220581 16.000000;
0, 273.220581 17.000000;
0, 273.331360 22.000000;
0, 273.453583 15.000000;
0, 273.557861 25.000000;
0, 273.557861 26.000000;
0, 273.557861 27.000000;
0, 273.687286 15.000000;
0, 273.687286 17.000000;
0, 273.780945 16.000000;
0, 273.897675 21.000000;
0, 274.000000 17.000000;
0, 274.142517 26.000000;
0, 274.208374 27.000000;
0, 274.340576 26.000000;
0, 274.441010 22.000000;
0, 274.564758 20.000000;
0, 274.564758 22.000000;
0, 274.688629 22.000000;
0, 274.787750 21.000000;
0, 274.877045 27.000000;
0, 275.047211 25.000000;
0, 275.047211 27.000000;
0, 275.122833 20.000000;
0, 275.234680 21.000000;
0, 275.345947 15.000000;
0, 275.433777 22.000000;
0, 275.565521 25.000000;
0, 275.565521 26.000000;
0, 275.565521 27.000000;
0, 275.683014 20.000000;
0, 275.683014 21.000000;
0, 275.683014 22.000000;
0, 275.776154 26.000000;
0, 275.909485 17.000000;
0, 275.988831 26.000000;
0, 276.132843 21.000000;
0, 276.234344 17.000000;
0, 276.365845 25.000000;
0, 276.456573 27.000000;
0, 276.561432 15.000000;
0, 276.561432 17.000000;
0, 276.684753 22.000000;
0, 276.808289 15.000000;
0, 276.890869 17.000000;
0, 277.008698 27.000000;
0, 277.083344 26.000000;
0, 277.222839 17.000000;
0, 277.340393 21.000000;
0, 277.456818 16.000000;
0, 277.574768 27.000000;
0, 277.695007 22.000000;
0, 277.796539 21.000000;
0, 277.894928 17.000000;
0, 277.999146 26.000000;
0, 278.139984 20.000000;
0, 278.254700 21.000000;
0, 278.352356 25.000000;
0, 278.352356 27.000000;
0, 278.471344 26.000000;
0, 278.578888 15.000000;
0, 278.578888 17.000000;
0, 278.682617 16.000000;
0, 278.838745 15.000000;
0, 278.925781 17.000000;
0, 279.023010 21.000000;
0, 279.157379 27.000000;
0, 279.260010 25.000000;
0, 279.364319 15.000000;
0, 279.487030 20.000000;
0, 279.487030 21.000000;
0, 279.487030 22.000000;
0, 279.570618 25.000000;
0, 279.570618 27.000000;
0, 279.695984 26.000000;
0, 279.808685 17.000000;
0, 279.948761 26.000000;
0, 280.070465 20.000000;
0, 280.168610 15.000000;
0, 280.168610 16.000000;
0, 280.168610 17.000000;
0, 280.265778 20.000000;
0, 280.265778 21.000000;
0, 280.265778 22.000000;
0, 280.386597 16.000000;
0, 280.462341 26.000000;
0, 280.606110 16.000000;
0, 280.716431 15.000000;
0, 280.716431 17.000000;
0, 280.827209 16.000000;
0, 280.920227 22.000000;
0, 281.051727 20.000000;
0, 281.051727 21.000000;
0, 281.051727 22.000000;
0, 281.183441 22.000000;
0, 281.274414 15.000000;
0, 281.274414 16.000000;
0, 281.274414 17.000000;
0, 281.368225 21.000000;
0, 281.500580 16.000000;
0, 281.646179 20.000000;
0, 281.728546 16.000000;
0, 281.845337 20.000000;
0, 281.845337 21.000000;
0, 281.845337 22.000000;
0, 281.958374 16.000000;
0, 282.068695 26.000000;
0, 282.190094 16.000000;
0, 282.325317 21.000000;
0, 282.423737 15.000000;
0, 282.423737 16.000000;
0, 282.423737 17.000000;
0, 282.512787 22.000000;
0, 282.646973 20.000000;
0, 282.646973 21.000000;
0, 282.646973 22.000000;
0, 282.718628 15.000000;
0, 282.848694 20.000000;
0, 282.969971 21.000000;
0, 283.050934 20.000000;
0, 283.050934 22.000000;
0, 283.194824 26.000000;
0, 283.318176 15.000000;
0, 283.419434 17.000000;
0, 283.592834 22.000000;
0, 283.660828 20.000000;
0, 283.774261 26.000000;
0, 283.871887 27.000000;
0, 284.001770 22.000000;
0, 284.111176 21.000000;
0, 284.243591 15.000000;
0, 284.243591 17.000000;
0, 284.364349 25.000000;
0, 284.364349 26.000000;
0, 284.364349 27.000000;
0, 284.453766 17.000000;
0, 284.559479 15.000000;
0, 284.688110 20.000000;
0, 284.688110 22.000000;
0, 284.770874 21.000000;
0, 284.895172 20.000000;
0, 284.964813 26.000000;
0, 285.137878 16.000000;
0, 285.241455 22.000000;
0, 285.370697 27.000000;
0, 285.498444 25.000000;
0, 285.603119 21.000000;
0, 285.728668 20.000000;
0, 285.798492 22.000000;
0, 285.938324 20.000000;
0, 285.938324 21.000000;
0, 285.938324 22.000000;
0, 286.078400 22.000000;
0, 286.148499 20.000000;
0, 286.274841 21.000000;
0, 286.404053 27.000000;
0, 286.508789 26.000000;
0, 286.640747 22.000000;
0, 286.746429 16.000000;
0, 286.885040 15.000000;
0, 286.885040 17.000000;
0, 286.951477 21.000000;
0, 287.064697 22.000000;
0, 287.206421 20.000000;
0, 287.206421 22.000000;
0, 287.305298 16.000000;
0, 287.419312 20.000000;
0, 287.589172 15.000000;
0, 287.589172 16.000000;
0, 287.589172 17.000000;
0, 287.632629 20.000000;
0, 287.632629 21.000000;
0, 287.632629 22.000000;
0, 287.775085 22.000000;
0, 287.876068 16.000000;
0, 287.999695 27.000000;
0, 288.107849 26.000000;
0, 288.270416 25.000000;
0, 288.270416 27.000000;
0, 288.346405 22.000000;
0, 288.458984 16.000000;
0, 288.557312 17.000000;
0, 288.704620 20.000000;
0, 288.815582 27.000000;
0, 288.919952 20.000000;
0, 288.919952 22.000000;
0, 289.054230 15.000000;
0, 289.054230 16.000000;
0, 289.054230 17.000000;
0, 289.178772 21.000000;
0, 289.305908 17.000000;
0, 289.420593 26.000000;
0, 289.503479 25.000000;
0, 289.640015 22.000000;
0, 289.752777 26.000000;
0, 289.871124 21.000000;
0, 289.970306 16.000000;
0, 290.086426 26.000000;
0, 290.218262 20.000000;
0, 290.218262 21.000000;
0, 290.218262 22.000000;
0, 290.334015 17.000000;
0, 290.435516 20.000000;
0, 290.565948 21.000000;
0, 290.652893 20.000000;
0, 290.652893 22.000000;
0, 290.797913 22.000000;
0, 290.913910 16.000000;
0, 291.038971 27.000000;
0, 291.127289 17.000000;
0, 291.262299 21.000000;
0, 291.378448 22.000000;
0, 291.523621 20.000000;
0, 291.523621 22.000000;
0, 291.610748 21.000000;
0, 291.741455 20.000000;
0, 291.884216 16.000000;
0, 291.959290 20.000000;
0, 291.959290 21.000000;
0, 291.959290 22.000000;
0, 292.104523 22.000000;
0, 292.213318 15.000000;
0, 292.213318 16.000000;
0, 292.213318 17.000000;
0, 292.307831 21.000000;
0, 292.456512 25.000000;
0, 292.456512 26.000000;
0, 292.456512 27.000000;
0, 292.545135 16.000000;
0, 292.685425 22.000000;
0, 292.799255 26.000000;
0, 292.885071 25.000000;
0, 293.028259 27.000000;
0, 293.142883 26.000000;
0, 293.266205 20.000000;
0, 293.266205 22.000000;
0, 293.411377 22.000000;
0, 293.487305 26.000000;
0, 293.612671 17.000000;
0, 293.746155 25.000000;
0, 293.846771 22.000000;
0, 293.991913 22.000000;
0, 294.137238 20.000000;
0, 294.137238 22.000000;
0, 294.224518 21.000000;
0, 294.327789 15.000000;
0, 294.467316 27.000000;
0, 294.574066 20.000000;
0, 294.574066 21.000000;
0, 294.574066 22.000000;
0, 294.719910 22.000000;
0, 294.792908 20.000000;
0, 294.924316 21.000000;
0, 295.046417 25.000000;
0, 295.046417 27.000000;
0, 295.158173 22.000000;
0, 295.285156 16.000000;
0, 295.450806 20.000000;
0, 295.450806 21.000000;
0, 295.450806 22.000000;
0, 295.569153 26.000000;
0, 295.636658 15.000000;
0, 295.636658 16.000000;
0, 295.636658 17.000000;
0, 295.743774 22.000000;
0, 295.890350 20.000000;
0, 295.890350 22.000000;
0, 295.989716 16.000000;
0, 296.110321 20.000000;
0, 296.225922 17.000000;
0, 296.355774 25.000000;
0, 296.477142 22.000000;
0, 296.618652 26.000000;
0, 296.700104 16.000000;
0, 296.858765 21.000000;
0, 296.969666 26.000000;
0, 297.086792 27.000000;
0, 297.211090 20.000000;
0, 297.211090 21.000000;
0, 297.211090 22.000000;
0, 297.321259 26.000000;
0, 297.431244 20.000000;
0, 297.563324 21.000000;
0, 297.714661 17.000000;
0, 297.798065 22.000000;
0, 297.944733 22.000000;
0, 298.091370 20.000000;
0, 298.091370 21.000000;
0, 298.091370 22.000000;
0, 298.134705 16.000000;
0, 298.311188 20.000000;
0, 298.443024 21.000000;
0, 298.555695 25.000000;
0, 298.555695 27.000000;
0, 298.677277 22.000000;
0, 298.794342 21.000000;
0, 298.917633 17.000000;
0, 298.997009 25.000000;
0, 299.145203 21.000000;
0, 299.262054 22.000000;
0, 299.408020 20.000000;
0, 299.408020 22.000000;
0, 299.521729 17.000000;
0, 299.670532 21.000000;
0, 299.791382 26.000000;
0, 299.879639 25.000000;
0, 300.020050 21.000000;
0, 300.144440 26.000000;
0, 300.281738 20.000000;
0, 300.281738 22.000000;
0, 300.368896 21.000000;
0, 300.499542 20.000000;
0, 300.615204 27.000000;
0, 300.762299 25.000000;
0, 300.890869 21.000000;
0, 301.006653 22.000000;
0, 301.151276 20.000000;
0, 301.151276 22.000000;
0, 301.237976 21.000000;
0, 301.367950 20.000000;
0, 301.496338 27.000000;
0, 301.639343 17.000000;
0, 301.757141 21.000000;
0, 301.872284 22.000000;
0, 302.016083 20.000000;
0, 302.016083 22.000000;
0, 302.123596 16.000000;
0, 302.244659 17.000000;
0, 302.395996 15.000000;
0, 302.486786 16.000000;
0, 302.618439 21.000000;
0, 302.732880 22.000000;
0, 302.879211 25.000000;
0, 302.879211 26.000000;
0, 302.879211 27.000000;
0, 303.018585 22.000000;
0, 303.132721 21.000000;
0, 303.265808 25.000000;
0, 303.391937 27.000000;
0, 303.517181 20.000000;
0, 303.640350 25.000000;
0, 303.640350 27.000000;
0, 303.755737 15.000000;
0, 303.755737 17.000000;
0, 303.883759 27.000000;
0, 304.013947 22.000000;
0, 304.155548 20.000000;
0, 304.155548 21.000000;
0, 304.155548 22.000000;
0, 304.293823 16.000000;
0, 304.367676 20.000000;
0, 304.494781 21.000000;
0, 304.648834 15.000000;
0, 304.648834 16.000000;
0, 304.648834 17.000000;
0, 304.790894 20.000000;
0, 304.900940 26.000000;
0, 305.033508 25.000000;
0, 305.033508 27.000000;
0, 305.164795 26.000000;
0, 305.282990 22.000000;
0, 305.423279 20.000000;
0, 305.423279 22.000000;
0, 305.563354 22.000000;
0, 305.675354 21.000000;
0, 305.804626 17.000000;
0, 305.927124 26.000000;
0, 306.052582 20.000000;
0, 306.178101 21.000000;
0, 306.293640 25.000000;
0, 306.293640 27.000000;
0, 306.470490 20.000000;
0, 306.592529 25.000000;
0, 306.696045 16.000000;
0, 306.845428 21.000000;
0, 306.956299 22.000000;
0, 307.094788 20.000000;
0, 307.094788 22.000000;
0, 307.233093 22.000000;
0, 307.344757 26.000000;
0, 307.509277 20.000000;
0, 307.509277 21.000000;
0, 307.509277 22.000000;
0, 307.644104 27.000000;
0, 307.736633 25.000000;
0, 307.839874 21.000000;
0, 308.004852 21.000000;
0, 308.128448 20.000000;
0, 308.274780 16.000000;
0, 308.372131 27.000000;
0, 308.539459 20.000000;
0, 308.662506 21.000000;
0, 308.814056 25.000000;
0, 308.949036 20.000000;
0, 309.074890 25.000000;
0, 309.074890 26.000000;
0, 309.074890 27.000000;
0, 309.211121 17.000000;
0, 309.317139 21.000000;
0, 309.449738 15.000000;
0, 309.449738 16.000000;
0, 309.449738 17.000000;
0, 309.587830 25.000000;
0, 309.587830 27.000000;
0, 309.731903 16.000000;
0, 309.840240 25.000000;
0, 309.971466 20.000000;
0, 309.971466 21.000000;
0, 309.971466 22.000000;
0, 310.107788 22.000000;
0, 310.255432 27.000000;
0, 310.380402 20.000000;
0, 310.380402 22.000000;
0, 310.516724 22.000000;
0, 310.653046 22.000000;
0, 310.789337 20.000000;
0, 310.789337 21.000000;
0, 310.789337 22.000000;
0, 310.925659 22.000000;
0, 311.061981 22.000000;
0, 311.198273 20.000000;
0, 311.198273 22.000000;
0, 311.334595 22.000000;
0, 311.465698 15.000000;
0, 311.465698 17.000000;
0, 311.592468 16.000000;
0, 311.743561 22.000000;
0, 311.858856 27.000000;
0, 312.014893 25.000000;
0, 312.014893 26.000000;
0, 312.014893 27.000000;
0, 312.152618 22.000000;
0, 312.261688 21.000000;
0, 312.396606 15.000000;
0, 312.561737 22.000000;
0, 312.697174 15.000000;
0, 312.697174 17.000000;
0, 312.816132 16.000000;
0, 312.938080 25.000000;
0, 312.938080 26.000000;
0, 312.938080 27.000000;
0, 313.091034 17.000000;
0, 313.241241 27.000000;
0, 313.379181 22.000000;
0, 313.515198 22.000000;
0, 313.651123 20.000000;
0, 313.651123 22.000000;
0, 313.787018 22.000000;
0, 313.922913 22.000000;
0, 314.058716 20.000000;
0, 314.058716 21.000000;
0, 314.058716 22.000000;
0, 314.192871 16.000000;
0, 314.330261 22.000000;
0, 314.466003 20.000000;
0, 314.466003 22.000000;
0, 314.601746 22.000000;
0, 314.737488 22.000000;
0, 314.876221 27.000000;
0, 315.022552 27.000000;
0, 315.168549 25.000000;
0, 315.168549 27.000000;
0, 315.313660 17.000000;
0, 315.430573 26.000000;
0, 315.604706 25.000000;
0, 315.604706 26.000000;
0, 315.604706 27.000000;
0, 315.749481 27.000000;
0, 315.851074 21.000000;
0, 316.010651 15.000000;
0, 316.010651 17.000000;
0, 316.124725 26.000000;
0, 316.297333 26.000000;
0, 316.469604 25.000000;
0, 316.469604 26.000000;
0, 316.469604 27.000000;
0, 316.612915 27.000000;
0, 316.709106 20.000000;
0, 316.857513 17.000000;
0, 316.995972 21.000000;
0, 317.155548 26.000000;
0, 317.272064 15.000000;
0, 317.461578 22.000000;
0, 317.598846 22.000000;
0, 317.713776 16.000000;
0, 317.843567 17.000000;
0, 318.005096 15.000000;
0, 318.005096 17.000000;
0, 318.149628 20.000000;
0, 318.149628 21.000000;
0, 318.149628 22.000000;
0, 318.287811 22.000000;
0, 318.426208 22.000000;
0, 318.564819 20.000000;
0, 318.564819 22.000000;
0, 318.723358 15.000000;
0, 318.865417 16.000000;
0, 319.022186 25.000000;
0, 319.022186 26.000000;
0, 319.022186 27.000000;
0, 319.162720 27.000000;
0, 319.303162 27.000000;
0, 319.443481 25.000000;
0, 319.443481 27.000000;
0, 319.584229 17.000000;
0, 319.739014 17.000000;
0, 319.893280 15.000000;
0, 319.893280 17.000000;
0, 320.036194 20.000000;
0, 320.169769 16.000000;
0, 320.334656 21.000000;
0, 320.493591 25.000000;
0, 320.657837 17.000000;
0, 320.809509 15.000000;
0, 320.809509 17.000000;
0, 320.912689 25.000000;
0, 321.081573 16.000000;
0, 321.205811 26.000000;
0, 321.371429 21.000000;
0, 321.540619 25.000000;
0, 321.540619 26.000000;
0, 321.540619 27.000000;
0, 321.680054 27.000000;
0, 321.819489 27.000000;
0, 321.958923 25.000000;
0, 321.958923 27.000000;
0, 322.135498 22.000000;
0, 322.284119 22.000000;
0, 322.433319 20.000000;
0, 322.433319 21.000000;
0, 322.433319 22.000000;
0, 322.583160 22.000000;
0, 322.733612 22.000000;
0, 322.878632 26.000000;
0, 323.036469 22.000000;
0, 323.188904 22.000000;
0, 323.341187 17.000000;
0, 323.488037 15.000000;
0, 323.488037 17.000000;
0, 323.634796 17.000000;
0, 323.781464 17.000000;
0, 323.962280 22.000000;
0, 324.103973 16.000000;
0, 324.258057 25.000000;
0, 324.436035 22.000000;
0, 324.550781 26.000000;
0, 324.718079 26.000000;
0, 324.885406 25.000000;
0, 324.885406 26.000000;
0, 324.885406 27.000000;
0, 325.026459 15.000000;
0, 325.164368 27.000000;
0, 325.333801 16.000000;
0, 325.509399 16.000000;
0, 325.640961 21.000000;
0, 325.831329 17.000000;
0, 325.977692 17.000000;
0, 326.124023 15.000000;
0, 326.124023 17.000000;
0, 326.280670 27.000000;
0, 326.454559 21.000000;
0, 326.592926 22.000000;
0, 326.767059 20.000000;
0, 326.767059 22.000000;
0, 326.914276 16.000000;
0, 327.083862 21.000000;
0, 327.257446 27.000000;
0, 327.396973 25.000000;
0, 327.396973 26.000000;
0, 327.396973 27.000000;
0, 327.567566 20.000000;
0, 327.731140 21.000000;
0, 327.880402 15.000000;
0, 327.880402 17.000000;
0, 328.066772 26.000000;
0, 328.209320 22.000000;
0, 328.373932 27.000000;
0, 328.539551 15.000000;
0, 328.676788 20.000000;
0, 328.866364 25.000000;
0, 329.023346 16.000000;
0, 329.199493 15.000000;
0, 329.199493 16.000000;
0, 329.199493 17.000000;
0, 329.364777 27.000000;
0, 329.534973 20.000000;
0, 329.534973 21.000000;
0, 329.534973 22.000000;
0, 329.652405 27.000000;
0, 329.861237 15.000000;
0, 329.996857 21.000000;
0, 330.160828 25.000000;
0, 330.377289 17.000000;
0, 330.525024 15.000000;
0, 330.525024 17.000000;
0, 330.689697 20.000000;
0, 330.689697 21.000000;
0, 330.689697 22.000000;
0, 330.882141 22.000000;
0, 331.002991 26.000000;
0, 331.191254 15.000000;
0, 331.362946 26.000000;
0, 331.544098 26.000000;
0, 331.711365 17.000000;
0, 331.878357 27.000000;
0, 332.039246 16.000000;
0, 332.218445 16.000000;
0, 332.397858 16.000000;
0, 332.577576 16.000000;
0, 332.707489 20.000000;
0, 332.907684 17.000000;
0, 333.058044 17.000000;
0, 333.275452 27.000000;
0, 333.433594 27.000000;
0, 333.592346 25.000000;
0, 333.592346 26.000000;
0, 333.592346 27.000000;
0, 333.783630 26.000000;
0, 333.945770 22.000000;
0, 334.134735 20.000000;
0, 334.134735 21.000000;
0, 334.134735 22.000000;
0, 334.313904 25.000000;
0, 334.510986 22.000000;
0, 334.698151 20.000000;
0, 334.698151 22.000000;
0, 334.810120 21.000000;
0, 335.032593 15.000000;
0, 335.032593 17.000000;
0, 335.186218 17.000000;
0, 335.376617 27.000000;
0, 335.542236 25.000000;
0, 335.542236 26.000000;
0, 335.542236 27.000000;
0, 335.725922 15.000000;
0, 335.912964 21.000000;
0, 336.113525 17.000000;
0, 336.269104 17.000000;
0, 336.424957 15.000000;
0, 336.424957 16.000000;
0, 336.424957 17.000000;
0, 336.659332 15.000000;
0, 336.801544 25.000000;
0, 336.988586 16.000000;
0, 337.185486 21.000000;
0, 337.366638 15.000000;
0, 337.366638 16.000000;
0, 337.366638 17.000000;
0, 337.561218 22.000000;
0, 337.746582 16.000000;
0, 337.937286 16.000000;
0, 338.128448 16.000000;
0, 338.320099 15.000000;
0, 338.320099 16.000000;
0, 338.320099 17.000000;
0, 338.512299 16.000000;
0, 338.704956 16.000000;
0, 338.876465 25.000000;
0, 339.043365 15.000000;
0, 339.246613 26.000000;
0, 339.448334 17.000000;
0, 339.647003 22.000000;
0, 339.850006 27.000000;
0, 340.022583 20.000000;
0, 340.207245 25.000000;
0, 340.207245 27.000000;
0, 340.419708 21.000000;
0, 340.594269 17.000000;
0, 340.822754 22.000000;
0, 341.007904 15.000000;
0, 341.179718 26.000000;
0, 341.397308 26.000000;
0, 341.590881 17.000000;
0, 341.795166 22.000000;
0, 342.010040 15.000000;
0, 342.198273 22.000000;
0, 342.382751 25.000000;
0, 342.382751 27.000000;
0, 342.594299 22.000000;
0, 342.770203 15.000000;
0, 342.770203 17.000000;
0, 342.983887 22.000000;
0, 343.189301 21.000000;
0, 343.377625 26.000000;
0, 343.599854 26.000000;
0, 343.822479 26.000000;
0, 343.996613 22.000000;
0, 344.231598 27.000000;
0, 344.429901 20.000000;
0, 344.657379 17.000000;
0, 344.858490 22.000000;
0, 345.091583 15.000000;
0, 345.271118 21.000000;
0, 345.464203 22.000000;
0, 345.702393 17.000000;
0, 345.917084 27.000000;
0, 346.135712 21.000000;
0, 346.302734 22.000000;
0, 346.540894 22.000000;
0, 346.778595 20.000000;
0, 346.778595 22.000000;
0, 346.992188 21.000000;
0, 347.200806 26.000000;
0, 347.428131 25.000000;
0, 347.428131 26.000000;
0, 347.428131 27.000000;
0, 347.640961 17.000000;
0, 347.883270 26.000000;
0, 348.080994 22.000000;
0, 348.315887 16.000000;
0, 348.529419 15.000000;
0, 348.529419 16.000000;
0, 348.529419 17.000000;
0, 348.757538 27.000000;
0, 348.978790 21.000000;
0, 349.242432 17.000000;
0, 349.439331 20.000000;
0, 349.687317 21.000000;
0, 349.900848 27.000000;
0, 350.135590 15.000000;
0, 350.135590 17.000000;
0, 350.395874 21.000000;
0, 350.568909 25.000000;
0, 350.820984 21.000000;
0, 351.046509 27.000000;
0, 351.314056 26.000000;
0, 351.543457 26.000000;
0, 351.772858 26.000000;
0, 352.013641 15.000000;
0, 352.272369 20.000000;
0, 352.519287 21.000000;
0, 352.767334 27.000000;
0, 352.996582 17.000000;
0, 353.223297 21.000000;
0, 353.460938 16.000000;
0, 353.723724 25.000000;
0, 353.723724 27.000000;
0, 353.972961 22.000000;
0, 354.247040 17.000000;
0, 354.488403 21.000000;
0, 354.734711 20.000000;
0, 354.985687 26.000000;
0, 355.253265 27.000000;
0, 355.499268 22.000000;
0, 355.759216 21.000000;
0, 356.017365 25.000000;
0, 356.017365 27.000000;
0, 356.301941 15.000000;
0, 356.568359 22.000000;
0, 356.808472 22.000000;
0, 357.103729 15.000000;
0, 357.103729 16.000000;
0, 357.103729 17.000000;
0, 357.353058 27.000000;
0, 357.633850 15.000000;
0, 357.633850 17.000000;
0, 357.896576 15.000000;
0, 358.156921 15.000000;
0, 358.156921 16.000000;
0, 358.156921 17.000000;
0, 358.419891 26.000000;
0, 358.724091 20.000000;
0, 358.994141 21.000000;
0, 359.256958 27.000000;
0, 359.561279 26.000000;
0, 359.840302 22.000000;
0, 360.113220 20.000000;
0, 360.113220 21.000000;
0, 360.113220 22.000000;
0, 360.398193 27.000000;
0, 360.702545 26.000000;
0, 360.968842 27.000000;
0, 361.309570 15.000000;
0, 361.561371 22.000000;
0, 361.872528 20.000000;
0, 361.872528 21.000000;
0, 361.872528 22.000000;
0, 362.192871 22.000000;
0, 362.490509 27.000000;
0, 362.756836 26.000000;
0, 363.077515 21.000000;
0, 363.404602 20.000000;
0, 363.404602 22.000000;
0, 363.726654 25.000000;
0, 364.033051 16.000000;
0, 364.354218 26.000000;
0, 364.664551 17.000000;
0, 364.988251 21.000000;
0, 365.341919 15.000000;
0, 365.341919 16.000000;
0, 365.341919 17.000000;
0, 365.664368 16.000000;
0, 365.970459 20.000000;
0, 365.970459 22.000000;
0, 366.296295 25.000000;
0, 366.296295 27.000000;
0, 366.635132 26.000000;
0, 366.962982 22.000000;
0, 367.312866 21.000000;
0, 367.689850 25.000000;
0, 367.998199 17.000000;
0, 368.367401 16.000000;
0, 368.706696 22.000000;
0, 369.053558 17.000000;
0, 369.432495 26.000000;
0, 369.794373 16.000000;
0, 370.164185 22.000000;
0, 370.541473 21.000000;
0, 370.912140 15.000000;
0, 370.912140 16.000000;
0, 370.912140 17.000000;
0, 371.312958 15.000000;
0, 371.312958 17.000000;
0, 371.704498 25.000000;
0, 372.085541 27.000000;
0, 372.476227 26.000000;
0, 372.842957 22.000000;
0, 373.271851 25.000000;
0, 373.271851 27.000000;
0, 373.664795 16.000000;
0, 374.123169 21.000000;
0, 374.522064 20.000000;
0, 374.926971 17.000000;
0, 375.344727 20.000000;
0, 375.344727 22.000000;
0, 375.794617 15.000000;
0, 376.234436 25.000000;
0, 376.234436 26.000000;
0, 376.234436 27.000000;
0, 376.679718 21.000000;
0, 377.118713 20.000000;
0, 377.594391 20.000000;
0, 378.058472 20.000000;
0, 378.534241 26.000000;
0, 379.026245 26.000000;
0, 379.518341 25.000000;
0, 379.518341 26.000000;
0, 379.518341 27.000000;
0, 380.010956 26.000000;
0, 380.513092 17.000000;
0, 381.023529 16.000000;
0, 381.536560 22.000000;
0, 382.068176 20.000000;
0, 382.068176 21.000000;
0, 382.068176 22.000000;
0, 382.633820 25.000000;
0, 383.190369 26.000000;
0, 383.757111 22.000000;
0, 384.328552 17.000000;
0, 384.904022 22.000000;
0, 385.501953 25.000000;
0, 385.501953 26.000000;
0, 385.501953 27.000000;
0, 386.121582 27.000000;
0, 386.754089 27.000000;
0, 387.400208 25.000000;
0, 387.400208 26.000000;
0, 387.400208 27.000000;
0, 388.059784 22.000000;
0, 388.735748 27.000000;
0, 389.425842 25.000000;
0, 389.425842 26.000000;
0, 389.425842 27.000000;
0, 390.153046 21.000000;
0, 390.850067 27.000000;
0, 391.613892 20.000000;
0, 391.613892 22.000000;
0, 392.422516 25.000000;
0, 393.235382 20.000000;
0, 393.235382 22.000000;
0, 394.082336 26.000000;
0, 394.937286 21.000000;
0, 395.852661 22.000000;
0, 396.754242 21.000000;
0, 397.754639 27.000000;
0, 398.733734 27.000000;
0, 399.755341 22.000000;
0, 400.926636 21.000000;
0, 402.095490 20.000000;
0, 403.326141 20.000000;
0, 404.617645 21.000000;
0, 405.955719 26.000000;
0, 407.410980 25.000000;
0, 408.974915 20.000000;
0, 408.974915 22.000000;
0, 410.632050 17.000000;
0, 412.313324 20.000000;
0, 412.313324 21.000000;
0, 412.313324 22.000000;
0, 414.162384 20.000000;
0, 416.028320 22.000000;
0, 418.013275 27.000000;
0, 420.000000 15.000000;
0, 420.000000 16.000000;
0, 420.000000 17.000000;
0, 420.000000 20.000000;
0, 420.000000 21.000000;
0, 420.000000 22.000000;
0, 420.000000 25.000000;
0, 420.000000 26.000000;
0, 420.000000 27.000000;
