0, 120.166512 22.000000;
0, 120.166512 27.000000;
0, 120.166847 17.000000;
0, 120.249611 25.000000;
0, 120.399094 21.000000;
0, 120.501518 15.000000;
0, 120.501518 17.000000;
0, 120.597939 21.000000;
0, 120.753403 15.000000;
0, 120.829346 22.000000;
0, 121.006081 15.000000;
0, 121.006081 16.000000;
0, 121.006081 17.000000;
0, 121.158867 22.000000;
0, 121.259499 15.000000;
0, 121.388802 21.000000;
0, 121.513672 15.000000;
0, 121.513672 17.000000;
0, 121.649429 27.000000;
0, 121.768074 15.000000;
0, 121.818977 16.000000;
0, 121.977257 20.000000;
0, 121.977257 21.000000;
0, 121.977257 22.000000;
0, 122.140022 22.000000;
0, 122.277435 15.000000;
0, 122.364487 26.000000;
0, 122.464668 20.000000;
0, 122.464668 22.000000;
0, 122.622650 27.000000;
0, 122.755829 21.000000;
0, 122.838890 16.000000;
0, 122.949387 20.000000;
0, 122.949387 21.000000;
0, 122.949387 22.000000;
0, 123.110382 22.000000;
0, 123.263359 27.000000;
0, 123.335281 21.000000;
0, 123.527527 21.000000;
0, 123.591476 22.000000;
0, 123.739639 27.000000;
0, 123.897644 25.000000;
0, 123.897644 26.000000;
0, 123.897644 27.000000;
0, 124.069298 22.000000;
0, 124.148613 20.000000;
0, 124.227844 22.000000;
0, 124.386009 20.000000;
0, 124.386009 22.000000;
0, 124.480751 21.000000;
0, 124.603897 25.000000;
0, 124.701317 22.000000;
0, 124.895645 16.000000;
0, 125.015213 22.000000;
0, 125.148140 27.000000;
0, 125.276215 17.000000;
0, 125.395485 26.000000;
0, 125.519073 16.000000;
0, 125.611221 27.000000;
0, 125.727707 16.000000;
0, 125.918251 27.000000;
0, 125.979752 21.000000;
0, 126.146324 15.000000;
0, 126.146324 16.000000;
0, 126.146324 17.000000;
0, 126.223991 25.000000;
0, 126.223991 27.000000;
0, 126.356346 16.000000;
0, 126.496643 17.000000;
0, 126.680206 25.000000;
0, 126.680206 26.000000;
0, 126.680206 27.000000;
0, 126.717911 20.000000;
0, 126.717911 21.000000;
0, 126.717911 22.000000;
0, 126.861908 26.000000;
0, 126.982788 27.000000;
0, 127.084305 21.000000;
0, 127.223991 26.000000;
0, 127.359322 25.000000;
0, 127.467804 15.000000;
0, 127.630638 20.000000;
0, 127.630638 21.000000;
0, 127.630638 22.000000;
0, 127.734833 15.000000;
0, 127.734833 17.000000;
0, 127.857140 20.000000;
0, 127.992744 21.000000;
0, 128.092468 17.000000;
0, 128.233215 22.000000;
0, 128.353195 21.000000;
0, 128.478073 25.000000;
0, 128.478073 26.000000;
0, 128.478073 27.000000;
0, 128.632584 17.000000;
0, 128.773788 27.000000;
0, 128.832809 26.000000;
0, 129.009598 26.000000;
0, 129.140991 16.000000;
0, 129.276932 22.000000;
0, 129.360229 15.000000;
0, 129.360229 16.000000;
0, 129.360229 17.000000;
0, 129.537735 26.000000;
0, 129.646484 20.000000;
0, 129.779144 21.000000;
0, 129.888000 26.000000;
0, 130.018997 25.000000;
0, 130.097443 17.000000;
0, 130.236877 25.000000;
0, 130.236877 26.000000;
0, 130.236877 27.000000;
0, 130.410797 26.000000;
0, 130.526550 27.000000;
0, 130.657303 17.000000;
0, 130.745483 20.000000;
0, 130.745483 22.000000;
0, 130.890945 22.000000;
0, 131.034195 15.000000;
0, 131.034195 17.000000;
0, 131.147873 16.000000;
0, 131.275375 26.000000;
0, 131.390045 27.000000;
0, 131.470413 22.000000;
0, 131.614700 20.000000;
0, 131.614700 22.000000;
0, 131.758728 22.000000;
0, 131.893906 15.000000;
0, 131.961288 25.000000;
0, 131.961288 26.000000;
0, 131.961288 27.000000;
0, 132.103577 27.000000;
0, 132.261047 20.000000;
0, 132.387527 25.000000;
0, 132.387527 27.000000;
0, 132.475464 20.000000;
0, 132.475464 22.000000;
0, 132.642380 26.000000;
0, 132.732132 21.000000;
0, 132.811905 25.000000;
0, 132.811905 26.000000;
0, 132.811905 27.000000;
0, 132.981155 26.000000;
0, 133.150131 26.000000;
0, 133.243286 21.000000;
0, 133.364288 15.000000;
0, 133.364288 17.000000;
0, 133.515305 27.000000;
0, 133.655426 25.000000;
0, 133.655426 26.000000;
0, 133.655426 27.000000;
0, 133.762314 17.000000;
0, 133.892426 22.000000;
0, 134.032974 22.000000;
0, 134.089111 21.000000;
0, 134.262421 15.000000;
0, 134.362488 17.000000;
0, 134.453339 22.000000;
0, 134.593063 20.000000;
0, 134.593063 21.000000;
0, 134.593063 22.000000;
0, 134.762817 17.000000;
0, 134.862885 15.000000;
0, 135.011017 20.000000;
0, 135.011017 22.000000;
0, 135.149948 22.000000;
0, 135.219360 20.000000;
0, 135.403351 16.000000;
0, 135.529434 25.000000;
0, 135.643494 16.000000;
0, 135.763245 15.000000;
0, 135.763245 17.000000;
0, 135.882736 16.000000;
0, 135.982880 26.000000;
0, 136.117172 22.000000;
0, 136.284241 27.000000;
0, 136.391830 22.000000;
0, 136.528885 22.000000;
0, 136.653900 15.000000;
0, 136.747818 21.000000;
0, 136.911728 21.000000;
0, 136.948303 15.000000;
0, 136.948303 17.000000;
0, 137.144043 17.000000;
0, 137.238754 21.000000;
0, 137.401901 21.000000;
0, 137.483383 20.000000;
0, 137.483383 22.000000;
0, 137.617844 26.000000;
0, 137.767960 16.000000;
0, 137.915344 27.000000;
0, 137.982880 25.000000;
0, 138.104324 26.000000;
0, 138.266129 26.000000;
0, 138.387329 25.000000;
0, 138.506058 17.000000;
0, 138.563965 22.000000;
0, 138.723465 27.000000;
0, 138.857712 27.000000;
0, 138.991333 15.000000;
0, 139.100357 20.000000;
0, 139.100357 22.000000;
0, 139.234055 22.000000;
0, 139.393402 25.000000;
0, 139.393402 26.000000;
0, 139.393402 27.000000;
0, 139.477463 17.000000;
0, 139.634216 22.000000;
0, 139.713852 26.000000;
0, 139.867645 15.000000;
0, 139.867645 16.000000;
0, 139.867645 17.000000;
0, 139.979935 21.000000;
0, 140.102539 16.000000;
0, 140.298141 20.000000;
0, 140.298141 21.000000;
0, 140.298141 22.000000;
0, 140.351837 26.000000;
0, 140.510681 26.000000;
0, 140.653748 17.000000;
0, 140.773849 21.000000;
0, 140.853989 27.000000;
0, 140.958344 22.000000;
0, 141.143555 26.000000;
0, 141.248657 27.000000;
0, 141.352737 22.000000;
0, 141.483917 20.000000;
0, 141.483917 22.000000;
0, 141.614990 22.000000;
0, 141.772461 25.000000;
0, 141.772461 26.000000;
0, 141.772461 27.000000;
0, 141.856644 17.000000;
0, 142.020020 16.000000;
0, 142.085938 26.000000;
0, 142.266754 15.000000;
0, 142.266754 16.000000;
0, 142.266754 17.000000;
0, 142.398392 22.000000;
0, 142.515594 16.000000;
0, 142.578186 15.000000;
0, 142.766785 16.000000;
0, 142.893295 15.000000;
0, 142.893295 17.000000;
0, 143.027390 26.000000;
0, 143.105621 17.000000;
0, 143.276886 16.000000;
0, 143.319916 17.000000;
0, 143.473495 27.000000;
0, 143.605118 27.000000;
0, 143.745117 21.000000;
0, 143.864990 15.000000;
0, 144.015396 20.000000;
0, 144.079666 22.000000;
0, 144.208115 20.000000;
0, 144.208115 21.000000;
0, 144.208115 22.000000;
0, 144.400574 20.000000;
0, 144.464676 22.000000;
0, 144.608047 16.000000;
0, 144.720718 22.000000;
0, 144.848587 22.000000;
0, 144.944641 25.000000;
0, 144.944641 26.000000;
0, 144.944641 27.000000;
0, 145.129456 21.000000;
0, 145.231445 22.000000;
0, 145.358841 20.000000;
0, 145.358841 22.000000;
0, 145.486130 22.000000;
0, 145.613281 22.000000;
0, 145.740341 20.000000;
0, 145.740341 21.000000;
0, 145.740341 22.000000;
0, 145.892654 21.000000;
0, 145.985153 25.000000;
0, 146.112564 26.000000;
0, 146.283386 26.000000;
0, 146.348663 21.000000;
0, 146.484039 27.000000;
0, 146.628326 25.000000;
0, 146.628326 26.000000;
0, 146.628326 27.000000;
0, 146.734406 15.000000;
0, 146.865448 17.000000;
0, 146.977936 26.000000;
0, 147.130753 15.000000;
0, 147.130753 17.000000;
0, 147.213745 27.000000;
0, 147.362244 27.000000;
0, 147.511673 25.000000;
0, 147.511673 26.000000;
0, 147.511673 27.000000;
0, 147.633102 20.000000;
0, 147.633102 22.000000;
0, 147.737503 25.000000;
0, 147.883713 22.000000;
0, 147.965469 25.000000;
0, 147.965469 27.000000;
0, 148.133896 22.000000;
0, 148.258865 22.000000;
0, 148.383698 20.000000;
0, 148.383698 22.000000;
0, 148.520142 17.000000;
0, 148.634506 16.000000;
0, 148.741043 27.000000;
0, 148.899109 25.000000;
0, 148.899109 27.000000;
0, 149.006516 22.000000;
0, 149.138123 25.000000;
0, 149.237915 15.000000;
0, 149.379395 25.000000;
0, 149.379395 26.000000;
0, 149.379395 27.000000;
0, 149.541504 27.000000;
0, 149.622910 25.000000;
0, 149.770096 26.000000;
0, 149.868668 25.000000;
0, 149.868668 27.000000;
0, 150.016693 16.000000;
0, 150.116638 25.000000;
0, 150.244904 20.000000;
0, 150.244904 21.000000;
0, 150.244904 22.000000;
0, 150.366776 25.000000;
0, 150.366776 26.000000;
0, 150.366776 27.000000;
0, 150.534714 27.000000;
0, 150.614120 20.000000;
0, 150.614120 22.000000;
0, 150.771362 26.000000;
0, 150.859619 22.000000;
0, 150.975601 26.000000;
0, 151.129608 25.000000;
0, 151.275803 21.000000;
0, 151.396942 15.000000;
0, 151.396942 16.000000;
0, 151.396942 17.000000;
0, 151.532104 20.000000;
0, 151.595581 26.000000;
0, 151.734711 27.000000;
0, 151.897324 20.000000;
0, 152.014359 26.000000;
0, 152.084534 27.000000;
0, 152.260437 27.000000;
0, 152.321945 22.000000;
0, 152.442993 20.000000;
0, 152.442993 21.000000;
0, 152.442993 22.000000;
0, 152.613998 27.000000;
0, 152.732986 21.000000;
0, 152.862701 26.000000;
0, 153.022293 21.000000;
0, 153.166672 20.000000;
0, 153.166672 21.000000;
0, 153.166672 22.000000;
0, 153.286942 22.000000;
0, 153.347046 20.000000;
0, 153.476593 15.000000;
0, 153.647690 22.000000;
0, 153.767929 22.000000;
0, 153.865082 27.000000;
0, 154.028641 16.000000;
0, 154.132019 17.000000;
0, 154.260437 15.000000;
0, 154.368912 26.000000;
0, 154.465515 21.000000;
0, 154.640182 15.000000;
0, 154.640182 16.000000;
0, 154.640182 17.000000;
0, 154.765121 27.000000;
0, 154.855148 25.000000;
0, 155.017166 26.000000;
0, 155.133713 17.000000;
0, 155.230698 16.000000;
0, 155.394852 25.000000;
0, 155.484665 27.000000;
0, 155.612885 17.000000;
0, 155.730453 15.000000;
0, 155.879257 26.000000;
0, 156.055603 20.000000;
0, 156.055603 21.000000;
0, 156.055603 22.000000;
0, 156.078094 15.000000;
0, 156.078094 16.000000;
0, 156.078094 17.000000;
0, 156.297150 22.000000;
0, 156.350845 16.000000;
0, 156.521988 26.000000;
0, 156.635742 21.000000;
0, 156.735291 25.000000;
0, 156.735291 26.000000;
0, 156.735291 27.000000;
0, 156.902176 22.000000;
0, 157.023422 22.000000;
0, 157.144745 20.000000;
0, 157.144745 22.000000;
0, 157.266174 22.000000;
0, 157.363373 21.000000;
0, 157.530930 25.000000;
0, 157.631073 22.000000;
0, 157.711792 15.000000;
0, 157.897476 16.000000;
0, 158.007751 26.000000;
0, 158.142059 16.000000;
0, 158.222839 17.000000;
0, 158.364532 22.000000;
0, 158.487320 22.000000;
0, 158.610275 20.000000;
0, 158.610275 22.000000;
0, 158.795013 20.000000;
0, 158.856689 22.000000;
0, 158.980179 20.000000;
0, 158.980179 21.000000;
0, 158.980179 22.000000;
0, 159.119705 25.000000;
0, 159.277328 21.000000;
0, 159.395554 17.000000;
0, 159.486832 26.000000;
0, 159.600540 22.000000;
0, 159.772263 15.000000;
0, 159.772263 16.000000;
0, 159.772263 17.000000;
0, 159.850204 22.000000;
0, 159.975372 22.000000;
0, 160.143066 17.000000;
0, 160.226410 22.000000;
0, 160.415710 25.000000;
0, 160.415710 27.000000;
0, 160.517624 26.000000;
0, 160.604919 22.000000;
0, 160.731613 22.000000;
0, 160.858597 20.000000;
0, 160.858597 22.000000;
0, 161.048096 17.000000;
0, 161.113403 22.000000;
0, 161.241241 20.000000;
0, 161.241241 21.000000;
0, 161.241241 22.000000;
0, 161.395081 21.000000;
0, 161.508499 16.000000;
0, 161.588867 27.000000;
0, 161.754044 17.000000;
0, 161.859314 21.000000;
0, 161.928528 15.000000;
0, 161.928528 16.000000;
0, 161.928528 17.000000;
0, 162.137009 16.000000;
0, 162.275467 17.000000;
0, 162.406570 20.000000;
0, 162.406570 22.000000;
0, 162.485291 21.000000;
0, 162.643082 21.000000;
0, 162.730301 27.000000;
0, 162.933884 22.000000;
0, 162.962631 15.000000;
0, 162.962631 16.000000;
0, 162.962631 17.000000;
0, 163.130951 25.000000;
0, 163.280090 21.000000;
0, 163.369690 25.000000;
0, 163.369690 27.000000;
0, 163.528168 27.000000;
0, 163.643158 17.000000;
0, 163.764236 21.000000;
0, 163.843567 25.000000;
0, 163.843567 26.000000;
0, 163.843567 27.000000;
0, 164.008530 20.000000;
0, 164.008530 22.000000;
0, 164.150620 17.000000;
0, 164.235016 15.000000;
0, 164.406235 26.000000;
0, 164.468369 27.000000;
0, 164.623383 27.000000;
0, 164.740753 15.000000;
0, 164.917801 21.000000;
0, 165.008865 25.000000;
0, 165.146988 26.000000;
0, 165.245743 15.000000;
0, 165.395172 22.000000;
0, 165.513535 26.000000;
0, 165.593628 21.000000;
0, 165.764633 21.000000;
0, 165.893448 20.000000;
0, 166.002441 15.000000;
0, 166.002441 16.000000;
0, 166.002441 17.000000;
0, 166.149292 25.000000;
0, 166.149292 27.000000;
0, 166.254562 15.000000;
0, 166.399139 22.000000;
0, 166.457413 21.000000;
0, 166.607483 16.000000;
0, 166.758728 15.000000;
0, 166.842773 17.000000;
0, 166.986710 20.000000;
0, 166.986710 21.000000;
0, 166.986710 22.000000;
0, 167.135284 22.000000;
0, 167.267929 25.000000;
0, 167.344452 21.000000;
0, 167.514969 15.000000;
0, 167.514969 17.000000;
0, 167.636459 27.000000;
0, 167.767059 15.000000;
0, 167.851059 17.000000;
0, 168.019119 15.000000;
0, 168.019119 16.000000;
0, 168.019119 17.000000;
0, 168.149017 25.000000;
0, 168.271194 15.000000;
0, 168.355240 17.000000;
0, 168.512833 27.000000;
0, 168.629776 21.000000;
0, 168.715790 26.000000;
0, 168.859390 17.000000;
0, 169.019165 25.000000;
0, 169.091202 27.000000;
0, 169.229141 16.000000;
0, 169.363602 17.000000;
0, 169.531677 15.000000;
0, 169.531677 17.000000;
0, 169.614487 22.000000;
0, 169.776398 20.000000;
0, 169.776398 21.000000;
0, 169.776398 22.000000;
0, 169.867935 17.000000;
0, 169.971832 21.000000;
0, 170.093079 25.000000;
0, 170.093079 26.000000;
0, 170.093079 27.000000;
0, 170.263626 26.000000;
0, 170.377121 27.000000;
0, 170.518799 25.000000;
0, 170.518799 27.000000;
0, 170.603699 26.000000;
0, 170.730881 25.000000;
0, 170.846039 16.000000;
0, 170.968918 21.000000;
0, 171.104416 22.000000;
0, 171.274689 20.000000;
0, 171.274689 22.000000;
0, 171.364197 25.000000;
0, 171.364197 27.000000;
0, 171.531921 20.000000;
0, 171.616379 26.000000;
0, 171.784103 25.000000;
0, 171.784103 26.000000;
0, 171.784103 27.000000;
0, 171.897568 17.000000;
0, 171.993423 25.000000;
0, 172.140945 22.000000;
0, 172.272476 16.000000;
0, 172.409073 17.000000;
0, 172.480164 27.000000;
0, 172.637207 21.000000;
0, 172.757339 27.000000;
0, 172.895676 27.000000;
0, 173.033829 25.000000;
0, 173.033829 27.000000;
0, 173.116669 26.000000;
0, 173.266525 17.000000;
0, 173.352646 15.000000;
0, 173.507919 16.000000;
0, 173.611557 15.000000;
0, 173.611557 17.000000;
0, 173.728638 21.000000;
0, 173.859528 25.000000;
0, 173.859528 27.000000;
0, 173.958008 17.000000;
0, 174.133575 27.000000;
0, 174.270386 25.000000;
0, 174.270386 26.000000;
0, 174.270386 27.000000;
0, 174.402252 21.000000;
0, 174.480591 17.000000;
0, 174.598206 26.000000;
0, 174.761810 26.000000;
0, 174.859253 21.000000;
0, 174.972000 16.000000;
0, 175.088531 25.000000;
0, 175.088531 26.000000;
0, 175.088531 27.000000;
0, 175.224442 27.000000;
0, 175.360931 17.000000;
0, 175.478531 22.000000;
0, 175.609894 16.000000;
0, 175.766968 27.000000;
0, 175.895889 17.000000;
0, 176.029678 21.000000;
0, 176.172714 27.000000;
0, 176.268555 20.000000;
0, 176.268555 21.000000;
0, 176.268555 22.000000;
0, 176.436844 17.000000;
0, 176.510132 25.000000;
0, 176.670135 22.000000;
0, 176.712311 25.000000;
0, 176.712311 26.000000;
0, 176.712311 27.000000;
0, 176.872559 20.000000;
0, 176.872559 22.000000;
0, 176.984665 17.000000;
0, 177.116028 25.000000;
0, 177.116028 27.000000;
0, 177.239639 21.000000;
0, 177.357895 26.000000;
0, 177.518982 25.000000;
0, 177.518982 26.000000;
0, 177.518982 27.000000;
0, 177.653152 27.000000;
0, 177.727417 17.000000;
0, 177.840836 26.000000;
0, 177.983994 21.000000;
0, 178.109360 20.000000;
0, 178.109360 22.000000;
0, 178.235077 21.000000;
0, 178.322784 25.000000;
0, 178.322784 26.000000;
0, 178.322784 27.000000;
0, 178.486389 15.000000;
0, 178.486389 16.000000;
0, 178.486389 17.000000;
0, 178.590164 27.000000;
0, 178.775711 15.000000;
0, 178.857285 27.000000;
0, 178.990753 27.000000;
0, 179.167847 22.000000;
0, 179.257507 27.000000;
0, 179.362808 15.000000;
0, 179.524017 25.000000;
0, 179.524017 27.000000;
0, 179.597870 22.000000;
0, 179.770889 21.000000;
0, 179.901611 16.000000;
0, 179.962128 15.000000;
0, 180.144470 16.000000;
0, 180.242630 26.000000;
0, 180.358871 20.000000;
0, 180.471649 17.000000;
0, 180.588165 27.000000;
0, 180.688141 20.000000;
0, 180.688141 22.000000;
0, 180.886322 15.000000;
0, 180.886322 16.000000;
0, 180.886322 17.000000;
0, 181.019135 20.000000;
0, 181.119232 25.000000;
0, 181.119232 27.000000;
0, 181.201614 15.000000;
0, 181.358002 26.000000;
0, 181.520706 15.000000;
0, 181.520706 17.000000;
0, 181.649414 16.000000;
0, 181.782272 27.000000;
0, 181.843674 15.000000;
0, 182.021866 20.000000;
0, 182.021866 22.000000;
0, 182.153259 26.000000;
0, 182.312195 25.000000;
0, 182.312195 26.000000;
0, 182.312195 27.000000;
0, 182.359024 20.000000;
0, 182.510818 25.000000;
0, 182.612839 17.000000;
0, 182.709381 25.000000;
0, 182.709381 27.000000;
0, 182.841751 27.000000;
0, 182.971817 16.000000;
0, 183.150772 22.000000;
0, 183.241653 21.000000;
0, 183.371002 27.000000;
0, 183.514801 21.000000;
0, 183.605988 22.000000;
0, 183.741318 26.000000;
0, 183.899994 25.000000;
0, 183.899994 26.000000;
0, 183.899994 27.000000;
0, 184.032227 27.000000;
0, 184.164444 27.000000;
0, 184.217331 26.000000;
0, 184.358932 16.000000;
0, 184.521469 22.000000;
0, 184.643860 16.000000;
0, 184.693192 25.000000;
0, 184.693192 26.000000;
0, 184.693192 27.000000;
0, 184.891449 25.000000;
0, 184.981354 22.000000;
0, 185.089676 25.000000;
0, 185.089676 27.000000;
0, 185.220657 16.000000;
0, 185.414856 17.000000;
0, 185.486099 25.000000;
0, 185.486099 26.000000;
0, 185.486099 27.000000;
0, 185.644669 26.000000;
0, 185.719452 21.000000;
0, 185.904327 17.000000;
0, 185.904327 22.000000;
0, 186.014633 27.000000;
0, 186.135620 20.000000;
0, 186.135620 22.000000;
0, 186.278885 25.000000;
0, 186.278885 26.000000;
0, 186.278885 27.000000;
0, 186.398941 15.000000;
0, 186.398941 16.000000;
0, 186.398941 17.000000;
0, 186.477081 25.000000;
0, 186.598709 22.000000;
0, 186.772812 15.000000;
0, 186.897964 17.000000;
0, 186.939484 27.000000;
0, 187.148895 15.000000;
0, 187.148895 17.000000;
0, 187.230164 26.000000;
0, 187.388794 26.000000;
0, 187.526825 15.000000;
0, 187.600433 27.000000;
0, 187.732788 27.000000;
0, 187.865234 25.000000;
0, 187.865234 26.000000;
0, 187.865234 27.000000;
0, 187.990494 22.000000;
0, 188.159927 17.000000;
0, 188.222656 20.000000;
0, 188.222656 21.000000;
0, 188.222656 22.000000;
0, 188.342651 26.000000;
0, 188.502045 26.000000;
0, 188.668442 15.000000;
0, 188.668442 17.000000;
0, 188.794632 27.000000;
0, 188.919144 20.000000;
0, 188.919144 22.000000;
0, 189.050537 15.000000;
0, 189.141083 26.000000;
0, 189.267319 20.000000;
0, 189.336960 21.000000;
0, 189.432953 15.000000;
0, 189.432953 16.000000;
0, 189.432953 17.000000;
0, 189.615417 20.000000;
0, 189.615417 21.000000;
0, 189.615417 22.000000;
0, 189.730225 27.000000;
0, 189.893784 21.000000;
0, 189.963379 20.000000;
0, 190.107010 26.000000;
0, 190.197617 15.000000;
0, 190.197617 17.000000;
0, 190.404053 27.000000;
0, 190.539383 27.000000;
0, 190.593582 26.000000;
0, 190.728271 21.000000;
0, 190.919327 26.000000;
0, 190.960800 15.000000;
0, 190.960800 16.000000;
0, 190.960800 17.000000;
0, 191.214630 17.000000;
0, 191.237732 22.000000;
0, 191.353516 20.000000;
0, 191.469315 22.000000;
0, 191.574020 26.000000;
0, 191.765762 27.000000;
0, 191.902954 25.000000;
0, 191.902954 26.000000;
0, 191.902954 27.000000;
0, 192.040314 27.000000;
0, 192.109100 25.000000;
0, 192.229141 17.000000;
0, 192.398346 26.000000;
0, 192.522568 25.000000;
0, 192.591629 27.000000;
0, 192.736526 17.000000;
0, 192.863373 15.000000;
0, 192.990234 17.000000;
0, 193.091705 16.000000;
0, 193.229599 21.000000;
0, 193.396057 26.000000;
0, 193.507553 21.000000;
0, 193.563202 25.000000;
0, 193.563202 26.000000;
0, 193.563202 27.000000;
0, 193.730606 26.000000;
0, 193.842331 27.000000;
0, 194.017166 22.000000;
0, 194.132965 20.000000;
0, 194.258667 17.000000;
0, 194.402603 25.000000;
0, 194.402603 26.000000;
0, 194.402603 27.000000;
0, 194.480438 20.000000;
0, 194.480438 22.000000;
0, 194.613358 25.000000;
0, 194.763657 15.000000;
0, 194.763657 17.000000;
0, 194.909027 26.000000;
0, 194.965424 27.000000;
0, 195.106506 27.000000;
0, 195.262405 17.000000;
0, 195.406982 22.000000;
0, 195.522751 20.000000;
0, 195.587296 26.000000;
0, 195.757385 26.000000;
0, 195.869553 20.000000;
0, 195.869553 22.000000;
0, 196.007980 21.000000;
0, 196.098190 25.000000;
0, 196.098190 26.000000;
0, 196.098190 27.000000;
0, 196.268890 26.000000;
0, 196.382782 27.000000;
0, 196.464035 17.000000;
0, 196.649414 16.000000;
0, 196.782059 26.000000;
0, 196.832260 21.000000;
0, 196.953491 25.000000;
0, 196.953491 26.000000;
0, 196.953491 27.000000;
0, 197.103790 21.000000;
0, 197.261063 15.000000;
0, 197.371902 17.000000;
0, 197.468750 26.000000;
0, 197.640823 26.000000;
0, 197.807663 17.000000;
0, 197.914719 15.000000;
0, 198.021027 17.000000;
0, 198.100403 27.000000;
0, 198.233383 20.000000;
0, 198.341766 22.000000;
0, 198.480087 16.000000;
0, 198.676254 25.000000;
0, 198.676254 26.000000;
0, 198.676254 27.000000;
0, 198.724701 16.000000;
0, 198.892563 25.000000;
0, 199.022400 26.000000;
0, 199.143356 15.000000;
0, 199.241333 17.000000;
0, 199.397888 27.000000;
0, 199.542419 25.000000;
0, 199.542419 26.000000;
0, 199.542419 27.000000;
0, 199.606232 22.000000;
0, 199.721909 15.000000;
0, 199.891266 16.000000;
0, 200.012558 22.000000;
0, 200.114258 16.000000;
0, 200.265961 27.000000;
0, 200.410812 25.000000;
0, 200.410812 26.000000;
0, 200.410812 27.000000;
0, 200.555710 27.000000;
0, 200.608093 22.000000;
0, 200.764969 16.000000;
0, 200.845581 25.000000;
0, 200.845581 27.000000;
0, 200.990570 27.000000;
0, 201.111160 21.000000;
0, 201.280594 25.000000;
0, 201.280594 26.000000;
0, 201.280594 27.000000;
0, 201.390976 16.000000;
0, 201.454651 26.000000;
0, 201.594696 15.000000;
0, 201.594696 16.000000;
0, 201.594696 17.000000;
0, 201.762695 17.000000;
0, 201.846115 15.000000;
0, 202.005875 27.000000;
0, 202.150925 25.000000;
0, 202.150925 26.000000;
0, 202.150925 27.000000;
0, 202.229340 21.000000;
0, 202.387573 16.000000;
0, 202.482330 22.000000;
0, 202.586014 25.000000;
0, 202.586014 27.000000;
0, 202.731003 27.000000;
0, 202.875961 27.000000;
0, 203.020889 25.000000;
0, 203.020889 26.000000;
0, 203.020889 27.000000;
0, 203.085464 21.000000;
0, 203.211899 17.000000;
0, 203.366821 17.000000;
0, 203.520676 15.000000;
0, 203.520676 16.000000;
0, 203.520676 17.000000;
0, 203.672546 25.000000;
0, 203.744873 27.000000;
0, 203.885849 16.000000;
0, 204.034286 27.000000;
0, 204.114761 21.000000;
0, 204.236938 26.000000;
0, 204.410721 26.000000;
0, 204.468658 27.000000;
0, 204.644379 15.000000;
0, 204.776016 16.000000;
0, 204.863419 15.000000;
0, 204.863419 17.000000;
0, 204.975800 25.000000;
0, 205.106262 26.000000;
0, 205.296616 15.000000;
0, 205.296616 16.000000;
0, 205.296616 17.000000;
0, 205.410721 25.000000;
0, 205.510910 15.000000;
0, 205.638824 16.000000;
0, 205.723785 15.000000;
0, 205.723785 17.000000;
0, 205.864960 17.000000;
0, 206.005554 17.000000;
0, 206.149612 26.000000;
0, 206.279709 25.000000;
0, 206.395645 20.000000;
0, 206.479507 16.000000;
0, 206.640289 27.000000;
0, 206.784180 27.000000;
0, 206.841675 26.000000;
0, 207.013962 26.000000;
0, 207.139023 16.000000;
0, 207.246033 22.000000;
0, 207.383789 15.000000;
0, 207.383789 17.000000;
0, 207.519211 17.000000;
0, 207.643204 27.000000;
0, 207.778549 20.000000;
0, 207.854126 22.000000;
0, 208.004959 20.000000;
0, 208.004959 22.000000;
0, 208.095261 21.000000;
0, 208.270996 16.000000;
0, 208.390869 15.000000;
0, 208.457352 17.000000;
0, 208.637726 25.000000;
0, 208.637726 27.000000;
0, 208.752838 22.000000;
0, 208.854813 17.000000;
0, 208.986755 15.000000;
0, 208.986755 17.000000;
0, 209.118454 17.000000;
0, 209.229813 26.000000;
0, 209.398270 26.000000;
0, 209.512131 17.000000;
0, 209.638458 22.000000;
0, 209.734131 26.000000;
0, 209.851730 16.000000;
0, 210.008011 16.000000;
0, 210.163986 15.000000;
0, 210.163986 16.000000;
0, 210.163986 17.000000;
0, 210.223068 20.000000;
0, 210.223068 21.000000;
0, 210.223068 22.000000;
0, 210.358643 15.000000;
0, 210.475235 16.000000;
0, 210.595062 27.000000;
0, 210.745987 21.000000;
0, 210.870590 27.000000;
0, 210.948624 22.000000;
0, 211.145035 25.000000;
0, 211.145035 27.000000;
0, 211.237488 22.000000;
0, 211.391068 26.000000;
0, 211.525696 20.000000;
0, 211.525696 22.000000;
0, 211.583191 17.000000;
0, 211.741455 20.000000;
0, 211.865051 16.000000;
0, 211.967422 17.000000;
0, 212.100357 22.000000;
0, 212.231293 27.000000;
0, 212.386917 20.000000;
0, 212.386917 22.000000;
0, 212.478134 15.000000;
0, 212.478134 16.000000;
0, 212.478134 17.000000;
0, 212.633759 27.000000;
0, 212.767303 25.000000;
0, 212.767303 27.000000;
0, 212.900574 27.000000;
0, 212.987396 21.000000;
0, 213.101562 22.000000;
0, 213.241318 15.000000;
0, 213.241318 16.000000;
0, 213.241318 17.000000;
0, 213.364532 25.000000;
0, 213.494995 17.000000;
0, 213.641129 26.000000;
0, 213.759247 25.000000;
0, 213.885376 20.000000;
0, 214.013443 21.000000;
0, 214.112106 26.000000;
0, 214.241028 22.000000;
0, 214.383194 22.000000;
0, 214.475693 27.000000;
0, 214.607330 16.000000;
0, 214.738434 20.000000;
0, 214.884506 17.000000;
0, 215.010498 17.000000;
0, 215.136459 15.000000;
0, 215.136459 17.000000;
0, 215.262421 17.000000;
0, 215.377228 20.000000;
0, 215.377228 21.000000;
0, 215.377228 22.000000;
0, 215.514359 15.000000;
0, 215.514359 16.000000;
0, 215.514359 17.000000;
0, 215.640320 17.000000;
0, 215.766281 17.000000;
0, 215.887848 21.000000;
0, 216.015472 20.000000;
0, 216.132217 27.000000;
0, 216.270111 15.000000;
0, 216.270111 16.000000;
0, 216.270111 17.000000;
0, 216.382538 27.000000;
0, 216.511749 22.000000;
0, 216.648010 15.000000;
0, 216.648010 17.000000;
0, 216.738617 21.000000;
0, 216.879608 27.000000;
0, 217.025879 15.000000;
0, 217.025879 16.000000;
0, 217.025879 17.000000;
0, 217.151016 26.000000;
0, 217.249054 21.000000;
0, 217.362488 22.000000;
0, 217.494415 27.000000;
0, 217.616501 27.000000;
0, 217.738327 25.000000;
0, 217.738327 26.000000;
0, 217.738327 27.000000;
0, 217.859863 27.000000;
0, 217.970840 15.000000;
0, 218.102081 25.000000;
0, 218.102081 27.000000;
0, 218.269913 21.000000;
0, 218.354965 20.000000;
0, 218.354965 22.000000;
0, 218.463379 25.000000;
0, 218.463379 26.000000;
0, 218.463379 27.000000;
0, 218.610199 21.000000;
0, 218.727982 15.000000;
0, 218.841705 16.000000;
0, 218.993423 16.000000;
0, 219.107254 15.000000;
0, 219.205826 20.000000;
0, 219.205826 22.000000;
0, 219.347687 22.000000;
0, 219.487183 15.000000;
0, 219.603485 26.000000;
0, 219.744354 26.000000;
0, 219.884872 25.000000;
0, 219.884872 26.000000;
0, 219.884872 27.000000;
0, 220.025040 26.000000;
0, 220.142792 21.000000;
0, 220.234650 25.000000;
0, 220.234650 27.000000;
0, 220.350769 27.000000;
0, 220.519409 16.000000;
0, 220.634735 15.000000;
0, 220.768463 22.000000;
0, 220.910858 20.000000;
0, 220.910858 22.000000;
0, 220.996368 21.000000;
0, 221.136093 26.000000;
0, 221.213608 15.000000;
0, 221.213608 17.000000;
0, 221.342743 17.000000;
0, 221.510498 21.000000;
0, 221.617966 25.000000;
0, 221.617966 27.000000;
0, 221.732407 27.000000;
0, 221.854630 21.000000;
0, 221.984009 20.000000;
0, 222.132446 25.000000;
0, 222.235367 26.000000;
0, 222.372742 26.000000;
0, 222.489471 22.000000;
0, 222.645142 17.000000;
0, 222.776550 15.000000;
0, 222.776550 17.000000;
0, 222.855515 16.000000;
0, 223.013657 16.000000;
0, 223.168793 25.000000;
0, 223.227081 27.000000;
0, 223.366898 22.000000;
0, 223.514847 20.000000;
0, 223.514847 22.000000;
0, 223.603882 21.000000;
0, 223.768143 26.000000;
0, 223.911041 26.000000;
0, 223.962250 20.000000;
0, 223.962250 21.000000;
0, 223.962250 22.000000;
0, 224.112701 22.000000;
0, 224.263870 22.000000;
0, 224.345169 26.000000;
0, 224.507370 21.000000;
0, 224.639633 26.000000;
0, 224.722183 22.000000;
0, 224.911774 17.000000;
0, 224.976349 25.000000;
0, 225.101730 16.000000;
0, 225.242615 26.000000;
0, 225.357986 25.000000;
0, 225.455963 17.000000;
0, 225.592728 15.000000;
0, 225.592728 16.000000;
0, 225.592728 17.000000;
0, 225.757187 16.000000;
0, 225.867081 17.000000;
0, 225.987595 22.000000;
0, 226.148575 25.000000;
0, 226.280777 17.000000;
0, 226.415878 21.000000;
0, 226.482651 22.000000;
0, 226.629211 27.000000;
0, 226.769455 25.000000;
0, 226.769455 27.000000;
0, 226.911133 27.000000;
0, 226.982498 25.000000;
0, 227.088181 16.000000;
0, 227.234619 21.000000;
0, 227.397125 17.000000;
0, 227.516876 22.000000;
0, 227.606140 20.000000;
0, 227.732315 26.000000;
0, 227.869064 25.000000;
0, 227.945648 27.000000;
0, 228.100159 25.000000;
0, 228.100159 26.000000;
0, 228.100159 27.000000;
0, 228.246552 22.000000;
0, 228.335419 25.000000;
0, 228.533295 15.000000;
0, 228.533295 17.000000;
0, 228.619324 16.000000;
0, 228.737213 27.000000;
0, 228.901489 27.000000;
0, 228.964600 15.000000;
0, 228.964600 16.000000;
0, 228.964600 17.000000;
0, 229.109024 17.000000;
0, 229.256027 21.000000;
0, 229.407364 27.000000;
0, 229.486008 16.000000;
0, 229.617035 15.000000;
0, 229.756058 27.000000;
0, 229.844711 25.000000;
0, 230.011612 16.000000;
0, 230.114471 25.000000;
0, 230.114471 26.000000;
0, 230.114471 27.000000;
0, 230.275986 15.000000;
0, 230.275986 17.000000;
0, 230.389938 25.000000;
0, 230.483856 22.000000;
0, 230.671310 25.000000;
0, 230.671310 27.000000;
0, 230.785583 26.000000;
0, 230.862289 27.000000;
0, 231.017075 26.000000;
0, 231.169937 22.000000;
0, 231.254211 16.000000;
0, 231.359451 21.000000;
0, 231.463486 17.000000;
0, 231.649155 20.000000;
0, 231.649155 21.000000;
0, 231.649155 22.000000;
0, 231.736008 26.000000;
0, 231.895645 22.000000;
0, 232.020660 20.000000;
0, 232.155334 16.000000;
0, 232.236298 26.000000;
0, 232.402786 20.000000;
0, 232.402786 22.000000;
0, 232.518814 15.000000;
0, 232.518814 16.000000;
0, 232.518814 17.000000;
0, 232.670776 17.000000;
0, 232.753647 26.000000;
0, 232.883987 16.000000;
0, 232.975540 15.000000;
0, 232.975540 17.000000;
0, 233.152786 25.000000;
0, 233.152786 27.000000;
0, 233.281403 17.000000;
0, 233.434769 15.000000;
0, 233.434769 16.000000;
0, 233.434769 17.000000;
0, 233.473557 22.000000;
0, 233.612488 20.000000;
0, 233.742249 17.000000;
0, 233.896378 15.000000;
0, 233.896378 17.000000;
0, 234.035538 20.000000;
0, 234.035538 22.000000;
0, 234.119934 26.000000;
0, 234.205353 17.000000;
0, 234.404892 26.000000;
0, 234.467102 20.000000;
0, 234.592926 15.000000;
0, 234.790298 27.000000;
0, 234.911957 25.000000;
0, 234.981857 17.000000;
0, 235.106598 16.000000;
0, 235.280029 25.000000;
0, 235.280029 26.000000;
0, 235.280029 27.000000;
0, 235.450256 17.000000;
0, 235.481537 16.000000;
0, 235.606750 17.000000;
0, 235.777435 27.000000;
0, 235.857498 16.000000;
0, 235.976776 21.000000;
0, 236.077240 17.000000;
0, 236.234375 15.000000;
0, 236.234375 16.000000;
0, 236.234375 17.000000;
0, 236.396210 22.000000;
0, 236.470322 15.000000;
0, 236.696014 20.000000;
0, 236.696014 21.000000;
0, 236.696014 22.000000;
0, 236.706528 15.000000;
0, 236.706528 17.000000;
0, 236.942978 15.000000;
0, 236.990295 16.000000;
0, 237.096481 26.000000;
0, 237.301514 27.000000;
0, 237.404175 26.000000;
0, 237.558228 25.000000;
0, 237.558228 27.000000;
0, 237.595459 20.000000;
0, 237.595459 22.000000;
0, 237.775330 21.000000;
0, 237.895233 22.000000;
0, 237.969574 17.000000;
0, 238.135056 21.000000;
0, 238.194992 22.000000;
0, 238.329773 25.000000;
0, 238.329773 26.000000;
0, 238.329773 27.000000;
0, 238.508316 16.000000;
0, 238.603531 15.000000;
0, 238.603531 17.000000;
0, 238.716415 25.000000;
0, 238.854080 21.000000;
0, 238.943893 20.000000;
0, 239.093536 22.000000;
0, 239.239120 17.000000;
0, 239.392273 20.000000;
0, 239.392273 22.000000;
0, 239.461807 16.000000;
0, 239.652786 16.000000;
0, 239.796036 15.000000;
0, 239.878189 25.000000;
0, 239.878189 26.000000;
0, 239.878189 27.000000;
0, 240.034790 15.000000;
0, 240.034790 16.000000;
0, 240.034790 17.000000;
0, 240.188110 26.000000;
0, 240.273590 15.000000;
0, 240.353180 17.000000;
0, 240.512360 15.000000;
0, 240.512360 17.000000;
0, 240.607864 16.000000;
0, 240.720276 20.000000;
0, 240.910904 27.000000;
0, 240.982040 21.000000;
0, 241.149063 17.000000;
0, 241.180908 16.000000;
0, 241.328659 21.000000;
0, 241.443542 22.000000;
0, 241.586670 20.000000;
0, 241.729233 22.000000;
0, 241.785675 17.000000;
0, 241.944809 15.000000;
0, 241.944809 16.000000;
0, 241.944809 17.000000;
0, 242.135712 16.000000;
0, 242.262970 17.000000;
0, 242.349380 21.000000;
0, 242.432968 20.000000;
0, 242.581070 17.000000;
0, 242.708282 16.000000;
0, 242.899063 15.000000;
0, 242.899063 16.000000;
0, 242.899063 17.000000;
0, 243.011047 21.000000;
0, 243.058044 17.000000;
0, 243.222336 27.000000;
0, 243.350143 25.000000;
0, 243.477875 27.000000;
0, 243.534790 17.000000;
0, 243.661880 16.000000;
0, 243.886307 26.000000;
0, 243.970108 21.000000;
0, 244.042999 16.000000;
0, 244.169983 17.000000;
0, 244.328659 15.000000;
0, 244.328659 17.000000;
0, 244.433182 20.000000;
0, 244.433182 22.000000;
0, 244.584991 21.000000;
0, 244.685471 22.000000;
0, 244.804398 15.000000;
0, 244.804398 16.000000;
0, 244.804398 17.000000;
0, 244.878281 25.000000;
0, 245.004959 27.000000;
0, 245.179123 20.000000;
0, 245.179123 21.000000;
0, 245.179123 22.000000;
0, 245.279633 15.000000;
0, 245.279633 17.000000;
0, 245.409393 26.000000;
0, 245.517029 15.000000;
0, 245.596115 17.000000;
0, 245.754257 15.000000;
0, 245.754257 16.000000;
0, 245.754257 17.000000;
0, 245.912338 17.000000;
0, 246.012909 25.000000;
0, 246.012909 26.000000;
0, 246.012909 27.000000;
0, 246.133499 16.000000;
0, 246.236328 20.000000;
0, 246.322952 16.000000;
0, 246.512268 16.000000;
0, 246.612045 26.000000;
0, 246.761063 25.000000;
0, 246.761063 27.000000;
0, 246.792267 22.000000;
0, 246.909775 26.000000;
0, 247.094147 21.000000;
0, 247.206146 26.000000;
0, 247.331253 17.000000;
0, 247.431152 22.000000;
0, 247.501114 25.000000;
0, 247.501114 26.000000;
0, 247.501114 27.000000;
0, 247.637604 22.000000;
0, 247.794632 26.000000;
0, 247.867752 25.000000;
0, 247.989426 27.000000;
0, 248.140091 20.000000;
0, 248.231949 25.000000;
0, 248.231949 27.000000;
0, 248.376938 26.000000;
0, 248.432678 20.000000;
0, 248.432678 22.000000;
0, 248.586151 15.000000;
0, 248.586151 16.000000;
0, 248.586151 17.000000;
0, 248.718933 20.000000;
0, 248.812988 22.000000;
0, 248.961365 16.000000;
0, 248.999146 20.000000;
0, 248.999146 21.000000;
0, 248.999146 22.000000;
0, 249.190475 27.000000;
0, 249.289154 15.000000;
0, 249.435577 21.000000;
0, 249.523041 15.000000;
0, 249.523041 16.000000;
0, 249.523041 17.000000;
0, 249.662399 25.000000;
0, 249.662399 27.000000;
0, 249.802994 26.000000;
0, 249.896469 27.000000;
0, 249.990021 15.000000;
0, 249.990021 17.000000;
0, 250.145493 17.000000;
0, 250.223175 15.000000;
0, 250.318817 20.000000;
0, 250.456070 15.000000;
0, 250.456070 16.000000;
0, 250.456070 17.000000;
0, 250.568283 20.000000;
0, 250.568283 22.000000;
0, 250.688736 15.000000;
0, 250.813446 20.000000;
0, 250.910751 26.000000;
0, 251.047058 25.000000;
0, 251.047058 27.000000;
0, 251.153336 15.000000;
0, 251.273148 27.000000;
0, 251.385284 15.000000;
0, 251.385284 16.000000;
0, 251.385284 17.000000;
0, 251.497894 27.000000;
0, 251.616989 15.000000;
0, 251.755920 16.000000;
0, 251.831543 22.000000;
0, 251.987488 26.000000;
0, 252.125961 16.000000;
0, 252.251740 26.000000;
0, 252.310745 15.000000;
0, 252.310745 16.000000;
0, 252.310745 17.000000;
0, 252.464645 17.000000;
0, 252.541565 15.000000;
0, 252.688202 21.000000;
0, 252.772156 15.000000;
0, 252.772156 17.000000;
0, 252.864334 16.000000;
0, 253.032669 25.000000;
0, 253.032669 26.000000;
0, 253.032669 27.000000;
0, 253.079269 17.000000;
0, 253.232697 15.000000;
0, 253.232697 16.000000;
0, 253.232697 17.000000;
0, 253.352829 25.000000;
0, 253.462646 15.000000;
0, 253.560745 22.000000;
0, 253.692398 15.000000;
0, 253.692398 17.000000;
0, 253.845459 17.000000;
0, 253.967865 16.000000;
0, 254.023590 21.000000;
0, 254.151337 15.000000;
0, 254.151337 16.000000;
0, 254.151337 17.000000;
0, 254.304153 17.000000;
0, 254.371109 22.000000;
0, 254.503418 20.000000;
0, 254.503418 21.000000;
0, 254.503418 22.000000;
0, 254.609528 15.000000;
0, 254.609528 17.000000;
0, 254.765961 22.000000;
0, 254.884109 16.000000;
0, 255.025940 22.000000;
0, 255.067001 15.000000;
0, 255.067001 16.000000;
0, 255.067001 17.000000;
0, 255.219360 17.000000;
0, 255.295517 15.000000;
0, 255.437012 21.000000;
0, 255.523834 15.000000;
0, 255.523834 17.000000;
0, 255.675964 17.000000;
0, 255.792313 22.000000;
0, 255.904724 27.000000;
0, 255.980042 15.000000;
0, 255.980042 16.000000;
0, 255.980042 17.000000;
0, 256.131958 17.000000;
0, 256.216980 26.000000;
0, 256.344574 16.000000;
0, 256.435669 15.000000;
0, 256.435669 17.000000;
0, 256.542328 22.000000;
0, 256.666046 22.000000;
0, 256.739136 17.000000;
0, 256.912567 22.000000;
0, 257.042389 17.000000;
0, 257.118134 15.000000;
0, 257.254517 16.000000;
0, 257.345398 15.000000;
0, 257.345398 17.000000;
0, 257.436279 16.000000;
0, 257.572540 15.000000;
0, 257.670410 21.000000;
0, 257.806610 25.000000;
0, 257.806610 26.000000;
0, 257.806610 27.000000;
0, 257.961731 21.000000;
0, 258.026520 15.000000;
0, 258.173401 27.000000;
0, 258.252289 20.000000;
0, 258.252289 21.000000;
0, 258.252289 22.000000;
0, 258.397308 21.000000;
0, 258.480133 15.000000;
0, 258.625854 25.000000;
0, 258.706818 15.000000;
0, 258.706818 16.000000;
0, 258.706818 17.000000;
0, 258.855743 22.000000;
0, 258.976135 20.000000;
0, 258.976135 21.000000;
0, 258.976135 22.000000;
0, 259.071869 27.000000;
0, 259.159912 15.000000;
0, 259.159912 17.000000;
0, 259.310883 17.000000;
0, 259.408936 21.000000;
0, 259.529083 26.000000;
0, 259.598846 27.000000;
0, 259.763641 17.000000;
0, 259.839081 15.000000;
0, 259.974823 16.000000;
0, 260.056793 20.000000;
0, 260.056793 22.000000;
0, 260.202850 25.000000;
0, 260.291534 15.000000;
0, 260.366913 17.000000;
0, 260.536194 22.000000;
0, 260.656036 22.000000;
0, 260.762177 26.000000;
0, 260.879425 16.000000;
0, 260.963226 25.000000;
0, 260.963226 26.000000;
0, 260.963226 27.000000;
0, 261.120514 17.000000;
0, 261.212799 25.000000;
0, 261.295593 27.000000;
0, 261.422913 21.000000;
0, 261.494781 20.000000;
0, 261.494781 22.000000;
0, 261.624695 27.000000;
0, 261.734436 22.000000;
0, 261.854248 20.000000;
0, 261.854248 21.000000;
0, 261.854248 22.000000;
0, 261.964020 16.000000;
0, 262.099518 15.000000;
0, 262.213715 20.000000;
0, 262.213715 22.000000;
0, 262.333527 22.000000;
0, 262.433868 25.000000;
0, 262.433868 27.000000;
0, 262.551147 15.000000;
0, 262.626434 17.000000;
0, 262.752350 27.000000;
0, 262.860748 21.000000;
0, 263.004547 21.000000;
0, 263.112366 20.000000;
0, 263.228516 15.000000;
0, 263.228516 16.000000;
0, 263.228516 17.000000;
0, 263.287384 26.000000;
0, 263.411926 22.000000;
0, 263.531738 22.000000;
0, 263.651581 20.000000;
0, 263.651581 22.000000;
0, 263.771393 22.000000;
0, 263.867249 21.000000;
0, 263.981079 17.000000;
0, 264.130890 22.000000;
0, 264.190796 20.000000;
0, 264.304657 25.000000;
0, 264.304657 27.000000;
0, 264.442474 21.000000;
0, 264.532196 25.000000;
0, 264.610352 22.000000;
0, 264.808899 15.000000;
0, 264.874207 21.000000;
0, 265.018219 21.000000;
0, 265.090240 20.000000;
0, 265.090240 22.000000;
0, 265.210236 22.000000;
0, 265.335724 17.000000;
0, 265.430084 25.000000;
0, 265.576538 16.000000;
0, 265.636749 17.000000;
0, 265.757141 16.000000;
0, 265.872192 25.000000;
0, 266.004028 26.000000;
0, 266.091705 25.000000;
0, 266.091705 27.000000;
0, 266.238800 17.000000;
0, 266.351990 20.000000;
0, 266.412140 22.000000;
0, 266.532501 20.000000;
0, 266.532501 22.000000;
0, 266.672729 27.000000;
0, 266.749176 21.000000;
0, 266.874878 26.000000;
0, 267.014160 22.000000;
0, 267.134613 22.000000;
0, 267.202301 16.000000;
0, 267.292664 15.000000;
0, 267.292664 17.000000;
0, 267.435974 20.000000;
0, 267.563782 26.000000;
0, 267.616882 20.000000;
0, 267.616882 21.000000;
0, 267.616882 22.000000;
0, 267.797821 20.000000;
0, 267.906128 26.000000;
0, 267.970581 15.000000;
0, 268.105286 27.000000;
0, 268.247314 25.000000;
0, 268.247314 26.000000;
0, 268.247314 27.000000;
0, 268.347473 17.000000;
0, 268.461945 22.000000;
0, 268.582825 22.000000;
0, 268.649170 15.000000;
0, 268.649170 16.000000;
0, 268.649170 17.000000;
0, 268.757477 26.000000;
0, 268.884796 25.000000;
0, 268.955505 27.000000;
0, 269.096863 25.000000;
0, 269.096863 26.000000;
0, 269.096863 27.000000;
0, 269.238281 27.000000;
0, 269.357147 21.000000;
0, 269.429810 20.000000;
0, 269.429810 22.000000;
0, 269.550964 22.000000;
0, 269.672150 22.000000;
0, 269.782349 15.000000;
0, 269.918518 16.000000;
0, 269.975342 20.000000;
0, 270.100220 16.000000;
0, 270.234650 27.000000;
0, 270.312347 17.000000;
0, 270.465057 26.000000;
0, 270.521667 20.000000;
0, 270.521667 21.000000;
0, 270.521667 22.000000;
0, 270.667725 27.000000;
0, 270.764801 22.000000;
0, 270.919647 15.000000;
0, 270.919647 17.000000;
0, 271.010895 16.000000;
0, 271.105499 21.000000;
0, 271.193573 16.000000;
0, 271.373505 22.000000;
0, 271.475311 25.000000;
0, 271.549713 27.000000;
0, 271.690552 21.000000;
0, 271.742889 16.000000;
0, 271.861420 22.000000;
0, 271.987762 17.000000;
0, 272.105774 22.000000;
0, 272.243561 26.000000;
0, 272.304718 27.000000;
0, 272.458221 27.000000;
0, 272.533936 20.000000;
0, 272.717682 20.000000;
0, 272.717682 21.000000;
0, 272.717682 22.000000;
0, 272.798920 26.000000;
0, 272.910889 17.000000;
0, 272.988220 15.000000;
0, 273.080933 25.000000;
0, 273.080933 27.000000;
0, 273.208466 22.000000;
0, 273.318268 25.000000;
0, 273.454315 20.000000;
0, 273.454315 21.000000;
0, 273.454315 22.000000;
0, 273.577362 22.000000;
0, 273.638916 20.000000;
0, 273.799805 25.000000;
0, 273.880951 27.000000;
0, 274.008667 20.000000;
0, 274.156860 15.000000;
0, 274.156860 16.000000;
0, 274.156860 17.000000;
0, 274.193817 20.000000;
0, 274.193817 21.000000;
0, 274.193817 22.000000;
0, 274.342102 21.000000;
0, 274.471710 17.000000;
0, 274.540314 25.000000;
0, 274.540314 26.000000;
0, 274.540314 27.000000;
0, 274.639069 21.000000;
0, 274.788147 17.000000;
0, 274.915161 16.000000;
0, 275.060730 22.000000;
0, 275.106201 15.000000;
0, 275.106201 16.000000;
0, 275.106201 17.000000;
0, 275.218689 27.000000;
0, 275.356781 26.000000;
0, 275.426086 17.000000;
0, 275.558350 22.000000;
0, 275.683319 16.000000;
0, 275.807800 22.000000;
0, 275.877106 16.000000;
0, 275.982727 21.000000;
0, 276.095886 25.000000;
0, 276.095886 27.000000;
0, 276.245544 20.000000;
0, 276.315887 15.000000;
0, 276.463074 16.000000;
0, 276.559113 22.000000;
0, 276.660004 16.000000;
0, 276.810577 20.000000;
0, 276.810577 22.000000;
0, 276.915710 25.000000;
0, 276.999512 20.000000;
0, 277.188751 20.000000;
0, 277.188751 21.000000;
0, 277.188751 22.000000;
0, 277.256195 16.000000;
0, 277.378326 20.000000;
0, 277.479401 25.000000;
0, 277.568237 20.000000;
0, 277.568237 22.000000;
0, 277.658417 16.000000;
0, 277.810272 15.000000;
0, 277.949036 20.000000;
0, 277.949036 21.000000;
0, 277.949036 22.000000;
0, 278.057617 25.000000;
0, 278.155457 27.000000;
0, 278.235321 17.000000;
0, 278.331268 20.000000;
0, 278.331268 22.000000;
0, 278.475494 16.000000;
0, 278.586884 22.000000;
0, 278.711151 26.000000;
0, 278.843201 22.000000;
0, 278.907379 20.000000;
0, 278.971619 22.000000;
0, 279.177429 21.000000;
0, 279.276154 17.000000;
0, 279.363098 27.000000;
0, 279.452698 17.000000;
0, 279.616364 22.000000;
0, 279.681061 20.000000;
0, 279.797699 21.000000;
0, 279.952179 16.000000;
0, 280.005432 22.000000;
0, 280.135498 22.000000;
0, 280.204193 25.000000;
0, 280.204193 26.000000;
0, 280.204193 27.000000;
0, 280.396271 22.000000;
0, 280.461578 20.000000;
0, 280.579285 21.000000;
0, 280.723175 26.000000;
0, 280.854553 20.000000;
0, 280.901276 17.000000;
0, 281.049957 16.000000;
0, 281.186249 25.000000;
0, 281.297760 27.000000;
0, 281.447540 20.000000;
0, 281.447540 22.000000;
0, 281.522186 25.000000;
0, 281.522186 26.000000;
0, 281.522186 27.000000;
0, 281.652344 17.000000;
0, 281.748566 27.000000;
0, 281.843231 15.000000;
0, 281.843231 17.000000;
0, 281.976837 27.000000;
0, 282.044952 20.000000;
0, 282.165009 21.000000;
0, 282.346100 26.000000;
0, 282.439178 27.000000;
0, 282.555969 25.000000;
0, 282.626251 26.000000;
0, 282.781403 22.000000;
0, 282.897095 16.000000;
0, 283.016724 15.000000;
0, 283.016724 17.000000;
0, 283.131958 21.000000;
0, 283.217316 17.000000;
0, 283.321411 22.000000;
0, 283.457001 20.000000;
0, 283.457001 21.000000;
0, 283.457001 22.000000;
0, 283.483185 26.000000;
0, 283.628387 25.000000;
0, 283.628387 27.000000;
0, 283.783386 21.000000;
0, 283.869537 16.000000;
0, 283.994293 25.000000;
0, 284.117218 27.000000;
0, 284.275574 20.000000;
0, 284.275574 21.000000;
0, 284.275574 22.000000;
0, 284.369507 16.000000;
0, 284.440338 21.000000;
0, 284.550354 22.000000;
0, 284.665619 17.000000;
0, 284.826080 22.000000;
0, 284.936646 21.000000;
0, 284.964294 22.000000;
0, 285.116516 25.000000;
0, 285.116516 27.000000;
0, 285.268829 26.000000;
0, 285.380371 22.000000;
0, 285.519531 20.000000;
0, 285.519531 22.000000;
0, 285.575287 26.000000;
0, 285.751678 17.000000;
0, 285.862823 15.000000;
0, 285.929718 16.000000;
0, 286.106415 21.000000;
0, 286.143311 27.000000;
0, 286.273499 25.000000;
0, 286.425781 17.000000;
0, 286.499847 22.000000;
0, 286.612549 21.000000;
0, 286.781891 20.000000;
0, 286.781891 21.000000;
0, 286.781891 22.000000;
0, 286.824493 26.000000;
0, 286.993927 20.000000;
0, 287.062653 25.000000;
0, 287.195465 27.000000;
0, 287.291534 21.000000;
0, 287.461945 21.000000;
0, 287.490387 22.000000;
0, 287.730286 27.000000;
0, 287.784058 26.000000;
0, 287.917664 22.000000;
0, 287.974731 21.000000;
0, 288.146149 21.000000;
0, 288.274841 20.000000;
0, 288.317749 21.000000;
0, 288.489594 20.000000;
0, 288.489594 21.000000;
0, 288.489594 22.000000;
0, 288.542389 27.000000;
0, 288.680756 15.000000;
0, 288.804688 17.000000;
0, 289.006165 21.000000;
0, 289.063660 22.000000;
0, 289.135590 20.000000;
0, 289.351593 20.000000;
0, 289.351593 21.000000;
0, 289.351593 22.000000;
0, 289.365387 27.000000;
0, 289.524567 21.000000;
0, 289.641876 27.000000;
0, 289.784424 20.000000;
0, 289.784424 22.000000;
0, 289.815674 15.000000;
0, 289.815674 17.000000;
0, 290.001251 20.000000;
0, 290.073792 17.000000;
0, 290.203613 15.000000;
0, 290.337585 25.000000;
0, 290.421448 26.000000;
0, 290.596344 15.000000;
0, 290.596344 16.000000;
0, 290.596344 17.000000;
0, 290.739899 21.000000;
0, 290.757782 25.000000;
0, 290.757782 26.000000;
0, 290.757782 27.000000;
0, 290.913971 21.000000;
0, 290.993774 15.000000;
0, 291.179901 25.000000;
0, 291.234467 16.000000;
0, 291.395813 15.000000;
0, 291.395813 17.000000;
0, 291.557922 16.000000;
0, 291.603821 25.000000;
0, 291.603821 27.000000;
0, 291.773865 26.000000;
0, 291.814056 22.000000;
0, 291.938904 17.000000;
0, 292.114685 26.000000;
0, 292.177155 20.000000;
0, 292.249756 22.000000;
0, 292.394958 20.000000;
0, 292.394958 22.000000;
0, 292.540192 22.000000;
0, 292.656372 21.000000;
0, 292.767792 17.000000;
0, 292.879547 16.000000;
0, 293.047699 15.000000;
0, 293.047699 17.000000;
0, 293.121033 22.000000;
0, 293.216522 16.000000;
0, 293.353302 21.000000;
0, 293.483978 20.000000;
0, 293.602295 27.000000;
0, 293.701660 20.000000;
0, 293.701660 21.000000;
0, 293.701660 22.000000;
0, 293.875793 21.000000;
0, 293.919312 20.000000;
0, 294.050018 21.000000;
0, 294.241486 16.000000;
0, 294.355499 20.000000;
0, 294.471893 17.000000;
0, 294.587433 16.000000;
0, 294.749084 21.000000;
0, 294.761169 15.000000;
0, 294.761169 17.000000;
0, 294.935364 16.000000;
0, 295.051758 17.000000;
0, 295.197540 15.000000;
0, 295.275208 21.000000;
0, 295.343628 17.000000;
0, 295.481934 25.000000;
0, 295.627289 27.000000;
0, 295.802399 21.000000;
0, 295.918365 25.000000;
0, 295.918365 26.000000;
0, 295.918365 27.000000;
0, 295.978333 21.000000;
0, 296.154327 21.000000;
0, 296.268219 26.000000;
0, 296.344238 16.000000;
0, 296.501770 27.000000;
0, 296.623901 22.000000;
0, 296.770691 20.000000;
0, 296.770691 22.000000;
0, 296.819031 17.000000;
0, 296.967834 15.000000;
0, 297.116821 17.000000;
0, 297.233276 25.000000;
0, 297.357880 22.000000;
0, 297.415405 15.000000;
0, 297.415405 16.000000;
0, 297.415405 17.000000;
0, 297.504639 22.000000;
0, 297.673431 25.000000;
0, 297.673431 26.000000;
0, 297.673431 27.000000;
0, 297.774597 16.000000;
0, 297.915405 21.000000;
0, 298.026154 26.000000;
0, 298.237946 22.000000;
0, 298.315094 15.000000;
0, 298.315094 17.000000;
0, 298.384430 22.000000;
0, 298.530914 20.000000;
0, 298.530914 22.000000;
0, 298.618744 21.000000;
0, 298.766815 15.000000;
0, 298.969849 20.000000;
0, 298.969849 21.000000;
0, 298.969849 22.000000;
0, 299.085266 26.000000;
0, 299.144104 27.000000;
0, 299.320465 21.000000;
0, 299.438324 25.000000;
0, 299.438324 26.000000;
0, 299.438324 27.000000;
0, 299.553894 22.000000;
0, 299.672852 15.000000;
0, 299.732544 27.000000;
0, 299.944977 16.000000;
0, 300.026764 27.000000;
0, 300.136383 22.000000;
0, 300.307922 16.000000;
0, 300.426971 22.000000;
0, 300.497498 26.000000;
0, 300.670990 16.000000;
0, 300.731476 17.000000;
0, 300.861938 22.000000;
0, 301.034088 15.000000;
0, 301.034088 16.000000;
0, 301.034088 17.000000;
0, 301.064514 21.000000;
0, 301.295746 22.000000;
0, 301.397247 16.000000;
0, 301.488037 15.000000;
0, 301.641052 25.000000;
0, 301.760406 16.000000;
0, 301.898193 26.000000;
0, 301.941986 15.000000;
0, 301.941986 17.000000;
0, 302.102295 21.000000;
0, 302.233765 26.000000;
0, 302.343689 27.000000;
0, 302.479797 25.000000;
0, 302.614410 27.000000;
0, 302.790070 21.000000;
0, 302.875793 20.000000;
0, 302.875793 22.000000;
0, 302.961487 21.000000;
0, 303.138336 27.000000;
0, 303.303680 15.000000;
0, 303.446045 22.000000;
0, 303.491913 26.000000;
0, 303.645111 21.000000;
0, 303.786957 26.000000;
0, 303.872192 22.000000;
0, 304.003662 25.000000;
0, 304.122406 27.000000;
0, 304.296997 22.000000;
0, 304.438293 22.000000;
0, 304.579468 20.000000;
0, 304.579468 22.000000;
0, 304.664093 21.000000;
0, 304.811768 27.000000;
0, 304.941864 17.000000;
0, 305.002014 20.000000;
0, 305.002014 21.000000;
0, 305.002014 22.000000;
0, 305.170685 21.000000;
0, 305.251587 27.000000;
0, 305.423553 26.000000;
0, 305.519714 15.000000;
0, 305.519714 17.000000;
0, 305.677582 25.000000;
0, 305.677582 26.000000;
0, 305.677582 27.000000;
0, 305.843140 20.000000;
0, 305.843140 21.000000;
0, 305.843140 22.000000;
0, 305.946014 15.000000;
0, 306.086639 17.000000;
0, 306.172485 26.000000;
0, 306.345276 21.000000;
0, 306.413910 26.000000;
0, 306.540009 22.000000;
0, 306.690918 27.000000;
0, 306.817688 22.000000;
0, 307.011688 21.000000;
0, 307.078583 27.000000;
0, 307.182709 15.000000;
0, 307.182709 17.000000;
0, 307.343658 21.000000;
0, 307.457611 25.000000;
0, 307.457611 27.000000;
0, 307.647156 22.000000;
0, 307.716003 20.000000;
0, 307.922394 20.000000;
0, 307.922394 22.000000;
0, 308.011566 25.000000;
0, 308.011566 26.000000;
0, 308.011566 27.000000;
0, 308.169617 21.000000;
0, 308.282593 25.000000;
0, 308.443481 26.000000;
0, 308.550018 25.000000;
0, 308.550018 27.000000;
0, 308.656036 26.000000;
0, 308.826324 21.000000;
0, 308.901337 27.000000;
0, 309.090637 15.000000;
0, 309.163025 16.000000;
0, 309.332764 25.000000;
0, 309.480713 21.000000;
0, 309.562531 20.000000;
0, 309.562531 22.000000;
0, 309.698822 22.000000;
0, 309.835144 22.000000;
0, 310.009735 16.000000;
0, 310.135040 21.000000;
0, 310.244080 22.000000;
0, 310.373596 17.000000;
0, 310.552795 16.000000;
0, 310.680603 26.000000;
0, 310.818298 15.000000;
0, 310.818298 16.000000;
0, 310.818298 17.000000;
0, 310.906952 27.000000;
0, 311.067566 25.000000;
0, 311.067566 26.000000;
0, 311.067566 27.000000;
0, 311.227356 27.000000;
0, 311.338013 16.000000;
0, 311.449738 26.000000;
0, 311.607239 20.000000;
0, 311.607239 21.000000;
0, 311.607239 22.000000;
0, 311.702087 27.000000;
0, 311.879913 22.000000;
0, 312.016235 20.000000;
0, 312.016235 22.000000;
0, 312.170319 27.000000;
0, 312.288971 22.000000;
0, 312.425354 20.000000;
0, 312.425354 21.000000;
0, 312.425354 22.000000;
0, 312.571381 26.000000;
0, 312.698151 22.000000;
0, 312.834503 20.000000;
0, 312.834503 22.000000;
0, 312.970795 22.000000;
0, 313.089905 27.000000;
0, 313.243103 20.000000;
0, 313.243103 21.000000;
0, 313.243103 22.000000;
0, 313.392059 25.000000;
0, 313.392059 27.000000;
0, 313.515717 16.000000;
0, 313.617401 25.000000;
0, 313.743774 16.000000;
0, 313.895721 21.000000;
0, 314.044159 17.000000;
0, 314.194519 22.000000;
0, 314.287384 25.000000;
0, 314.287384 27.000000;
0, 314.435181 27.000000;
0, 314.596710 17.000000;
0, 314.729584 25.000000;
0, 314.729584 26.000000;
0, 314.729584 27.000000;
0, 314.873199 20.000000;
0, 314.873199 21.000000;
0, 314.873199 22.000000;
0, 315.036102 21.000000;
0, 315.144684 22.000000;
0, 315.314240 27.000000;
0, 315.459625 27.000000;
0, 315.552094 22.000000;
0, 315.751465 15.000000;
0, 315.891876 20.000000;
0, 316.014282 21.000000;
0, 316.177582 21.000000;
0, 316.300110 20.000000;
0, 316.368225 22.000000;
0, 316.521790 15.000000;
0, 316.521790 16.000000;
0, 316.521790 17.000000;
0, 316.723694 16.000000;
0, 316.831970 21.000000;
0, 316.984528 26.000000;
0, 317.123474 16.000000;
0, 317.321442 16.000000;
0, 317.468475 27.000000;
0, 317.539490 25.000000;
0, 317.736267 20.000000;
0, 317.736267 22.000000;
0, 317.873871 22.000000;
0, 318.007111 26.000000;
0, 318.165924 17.000000;
0, 318.294067 16.000000;
0, 318.459015 27.000000;
0, 318.600006 25.000000;
0, 318.600006 27.000000;
0, 318.740845 27.000000;
0, 318.853455 26.000000;
0, 318.982056 20.000000;
0, 318.982056 21.000000;
0, 318.982056 22.000000;
0, 319.149628 21.000000;
0, 319.317566 21.000000;
0, 319.428955 15.000000;
0, 319.428955 16.000000;
0, 319.428955 17.000000;
0, 319.583740 27.000000;
0, 319.723938 27.000000;
0, 319.864014 25.000000;
0, 319.864014 26.000000;
0, 319.864014 27.000000;
0, 320.032013 26.000000;
0, 320.199921 26.000000;
0, 320.353302 15.000000;
0, 320.353302 16.000000;
0, 320.353302 17.000000;
0, 320.463074 20.000000;
0, 320.581848 15.000000;
0, 320.821472 22.000000;
0, 320.900330 16.000000;
0, 321.038330 26.000000;
0, 321.197052 21.000000;
0, 321.373230 26.000000;
0, 321.546509 20.000000;
0, 321.546509 21.000000;
0, 321.546509 22.000000;
0, 321.692963 22.000000;
0, 321.801758 16.000000;
0, 321.980713 16.000000;
0, 322.098297 27.000000;
0, 322.254333 21.000000;
0, 322.456085 17.000000;
0, 322.586029 25.000000;
0, 322.711426 26.000000;
0, 322.870056 16.000000;
0, 323.045807 26.000000;
0, 323.194153 17.000000;
0, 323.342072 20.000000;
0, 323.342072 21.000000;
0, 323.342072 22.000000;
0, 323.491638 27.000000;
0, 323.630951 25.000000;
0, 323.630951 27.000000;
0, 323.806061 20.000000;
0, 323.806061 22.000000;
0, 323.928101 15.000000;
0, 323.928101 16.000000;
0, 323.928101 17.000000;
0, 324.087860 21.000000;
0, 324.277222 20.000000;
0, 324.277222 21.000000;
0, 324.277222 22.000000;
0, 324.383484 26.000000;
0, 324.587311 15.000000;
0, 324.745972 27.000000;
0, 324.853149 21.000000;
0, 325.024872 27.000000;
0, 325.158173 16.000000;
0, 325.303864 25.000000;
0, 325.303864 27.000000;
0, 325.491364 20.000000;
0, 325.684998 15.000000;
0, 325.684998 16.000000;
0, 325.684998 17.000000;
0, 325.841797 21.000000;
0, 325.993500 20.000000;
0, 326.141144 25.000000;
0, 326.141144 27.000000;
0, 326.270355 17.000000;
0, 326.420197 27.000000;
0, 326.563049 15.000000;
0, 326.563049 16.000000;
0, 326.563049 17.000000;
0, 326.769043 25.000000;
0, 326.942505 22.000000;
0, 327.089905 16.000000;
0, 327.229523 26.000000;
0, 327.441193 15.000000;
0, 327.441193 16.000000;
0, 327.441193 17.000000;
0, 327.564423 26.000000;
0, 327.731873 26.000000;
0, 327.899292 26.000000;
0, 328.026855 17.000000;
0, 328.234222 25.000000;
0, 328.234222 26.000000;
0, 328.234222 27.000000;
0, 328.395416 20.000000;
0, 328.395416 21.000000;
0, 328.395416 22.000000;
0, 328.514069 27.000000;
0, 328.671417 16.000000;
0, 328.847351 16.000000;
0, 329.052734 17.000000;
0, 329.221741 27.000000;
0, 329.346405 17.000000;
0, 329.508331 25.000000;
0, 329.508331 27.000000;
0, 329.724640 25.000000;
0, 329.823639 20.000000;
0, 330.082245 15.000000;
0, 330.082245 16.000000;
0, 330.082245 17.000000;
0, 330.227814 21.000000;
0, 330.380737 25.000000;
0, 330.380737 27.000000;
0, 330.528015 27.000000;
0, 330.675842 27.000000;
0, 330.824219 25.000000;
0, 330.824219 26.000000;
0, 330.824219 27.000000;
0, 331.047791 25.000000;
0, 331.182556 26.000000;
0, 331.382416 21.000000;
0, 331.555542 20.000000;
0, 331.681580 16.000000;
0, 331.860321 15.000000;
0, 331.860321 16.000000;
0, 331.860321 17.000000;
0, 332.036133 22.000000;
0, 332.228149 22.000000;
0, 332.416016 25.000000;
0, 332.535065 21.000000;
0, 332.757538 15.000000;
0, 332.757538 16.000000;
0, 332.757538 17.000000;
0, 332.882599 25.000000;
0, 333.117859 25.000000;
0, 333.117859 27.000000;
0, 333.223572 21.000000;
0, 333.434845 15.000000;
0, 333.566406 20.000000;
0, 333.566406 22.000000;
0, 333.756317 22.000000;
0, 333.964569 17.000000;
0, 334.116425 15.000000;
0, 334.116425 17.000000;
0, 334.323151 22.000000;
0, 334.420807 17.000000;
0, 334.719818 27.000000;
0, 334.802734 15.000000;
0, 335.033203 21.000000;
0, 335.211578 27.000000;
0, 335.343567 26.000000;
0, 335.530762 20.000000;
0, 335.741669 26.000000;
0, 335.941895 26.000000;
0, 336.075348 20.000000;
0, 336.294189 25.000000;
0, 336.521667 22.000000;
0, 336.612396 16.000000;
0, 336.800262 16.000000;
0, 336.977844 21.000000;
0, 337.177399 16.000000;
0, 337.365021 26.000000;
0, 337.556366 16.000000;
0, 337.743774 27.000000;
0, 337.916718 27.000000;
0, 338.145447 20.000000;
0, 338.351196 25.000000;
0, 338.480225 17.000000;
0, 338.712799 22.000000;
0, 338.871826 20.000000;
0, 338.871826 22.000000;
0, 339.091858 16.000000;
0, 339.286072 15.000000;
0, 339.286072 16.000000;
0, 339.286072 17.000000;
0, 339.459015 26.000000;
0, 339.610931 17.000000;
0, 339.798157 20.000000;
0, 339.798157 22.000000;
0, 340.028412 27.000000;
0, 340.244263 20.000000;
0, 340.244263 21.000000;
0, 340.244263 22.000000;
0, 340.429443 17.000000;
0, 340.593506 21.000000;
0, 340.765717 21.000000;
0, 341.016846 25.000000;
0, 341.245361 22.000000;
0, 341.384216 22.000000;
0, 341.604431 21.000000;
0, 341.768036 21.000000;
0, 342.016632 27.000000;
0, 342.199554 27.000000;
0, 342.410309 21.000000;
0, 342.600647 17.000000;
0, 342.750214 27.000000;
0, 343.025177 15.000000;
0, 343.211212 25.000000;
0, 343.367767 22.000000;
0, 343.620850 22.000000;
0, 343.796722 21.000000;
0, 344.045502 25.000000;
0, 344.045502 26.000000;
0, 344.045502 27.000000;
0, 344.244812 20.000000;
0, 344.244812 21.000000;
0, 344.244812 22.000000;
0, 344.417969 27.000000;
0, 344.614105 20.000000;
0, 344.614105 22.000000;
0, 344.834106 21.000000;
0, 345.101624 22.000000;
0, 345.222717 22.000000;
0, 345.447174 25.000000;
0, 345.704742 20.000000;
0, 345.704742 21.000000;
0, 345.704742 22.000000;
0, 345.884613 20.000000;
0, 346.105377 27.000000;
0, 346.293823 25.000000;
0, 346.293823 26.000000;
0, 346.293823 27.000000;
0, 346.564697 21.000000;
0, 346.756622 17.000000;
0, 346.973755 26.000000;
0, 347.198212 15.000000;
0, 347.418671 21.000000;
0, 347.655609 26.000000;
0, 347.844543 20.000000;
0, 347.844543 21.000000;
0, 347.844543 22.000000;
0, 348.102509 16.000000;
0, 348.317322 22.000000;
0, 348.553619 20.000000;
0, 348.553619 21.000000;
0, 348.553619 22.000000;
0, 348.743164 16.000000;
0, 348.957031 16.000000;
0, 349.252594 26.000000;
0, 349.424103 25.000000;
0, 349.710083 25.000000;
0, 349.710083 26.000000;
0, 349.710083 27.000000;
0, 349.867462 15.000000;
0, 350.112457 21.000000;
0, 350.397064 26.000000;
0, 350.626221 26.000000;
0, 350.850922 17.000000;
0, 351.084717 26.000000;
0, 351.316040 16.000000;
0, 351.530701 16.000000;
0, 351.745361 15.000000;
0, 351.745361 16.000000;
0, 351.745361 17.000000;
0, 352.002319 25.000000;
0, 352.002319 26.000000;
0, 352.002319 27.000000;
0, 352.237091 21.000000;
0, 352.461304 26.000000;
0, 352.690826 26.000000;
0, 352.977112 20.000000;
0, 353.246613 16.000000;
0, 353.504517 20.000000;
0, 353.504517 21.000000;
0, 353.504517 22.000000;
0, 353.738739 22.000000;
0, 354.010590 25.000000;
0, 354.207184 20.000000;
0, 354.207184 21.000000;
0, 354.207184 22.000000;
0, 354.488647 27.000000;
0, 354.747345 16.000000;
0, 354.961761 15.000000;
0, 354.961761 16.000000;
0, 354.961761 17.000000;
0, 355.229797 15.000000;
0, 355.497833 15.000000;
0, 355.497833 17.000000;
0, 355.765869 15.000000;
0, 356.033905 15.000000;
0, 356.033905 16.000000;
0, 356.033905 17.000000;
0, 356.303772 25.000000;
0, 356.569733 15.000000;
0, 356.569733 17.000000;
0, 356.819061 26.000000;
0, 357.049805 20.000000;
0, 357.049805 21.000000;
0, 357.049805 22.000000;
0, 357.341278 21.000000;
0, 357.634979 21.000000;
0, 357.906464 22.000000;
0, 358.155396 20.000000;
0, 358.155396 22.000000;
0, 358.414734 15.000000;
0, 358.686310 27.000000;
0, 359.006287 17.000000;
0, 359.307098 20.000000;
0, 359.307098 21.000000;
0, 359.307098 22.000000;
0, 359.567230 16.000000;
0, 359.827576 27.000000;
0, 360.146698 15.000000;
0, 360.146698 16.000000;
0, 360.146698 17.000000;
0, 360.390930 22.000000;
0, 360.712006 16.000000;
0, 360.962921 20.000000;
0, 360.962921 21.000000;
0, 360.962921 22.000000;
0, 361.264130 16.000000;
0, 361.615570 26.000000;
0, 361.843811 26.000000;
0, 362.201904 15.000000;
0, 362.507355 16.000000;
0, 362.852600 15.000000;
0, 362.852600 16.000000;
0, 362.852600 17.000000;
0, 363.066406 15.000000;
0, 363.419708 17.000000;
0, 363.699738 15.000000;
0, 363.699738 16.000000;
0, 363.699738 17.000000;
0, 364.011627 25.000000;
0, 364.011627 27.000000;
0, 364.363647 16.000000;
0, 364.691803 16.000000;
0, 364.964752 27.000000;
0, 365.346466 27.000000;
0, 365.610718 17.000000;
0, 365.955536 26.000000;
0, 366.305115 16.000000;
0, 366.623932 16.000000;
0, 366.941895 15.000000;
0, 366.941895 16.000000;
0, 366.941895 17.000000;
0, 367.304993 26.000000;
0, 367.612549 21.000000;
0, 368.050964 16.000000;
0, 368.391205 26.000000;
0, 368.723572 15.000000;
0, 369.100891 21.000000;
0, 369.442871 22.000000;
0, 369.785858 25.000000;
0, 370.199310 27.000000;
0, 370.524506 25.000000;
0, 370.524506 27.000000;
0, 370.866913 22.000000;
0, 371.317688 27.000000;
0, 371.713745 15.000000;
0, 371.713745 16.000000;
0, 371.713745 17.000000;
0, 372.099152 20.000000;
0, 372.421783 20.000000;
0, 372.421783 21.000000;
0, 372.421783 22.000000;
0, 372.837463 16.000000;
0, 373.253906 22.000000;
0, 373.654816 20.000000;
0, 373.654816 21.000000;
0, 373.654816 22.000000;
0, 374.050079 26.000000;
0, 374.534363 16.000000;
0, 374.899323 26.000000;
0, 375.393463 17.000000;
0, 375.819733 25.000000;
0, 375.819733 27.000000;
0, 376.241577 16.000000;
0, 376.712616 22.000000;
0, 377.194885 27.000000;
0, 377.604950 27.000000;
0, 378.083252 25.000000;
0, 378.556915 21.000000;
0, 379.029449 22.000000;
0, 379.463776 22.000000;
0, 380.031219 20.000000;
0, 380.031219 22.000000;
0, 380.504608 26.000000;
0, 381.027435 27.000000;
0, 381.581177 25.000000;
0, 381.581177 27.000000;
0, 382.139954 27.000000;
0, 382.593414 22.000000;
0, 383.165039 21.000000;
0, 383.774597 15.000000;
0, 383.774597 16.000000;
0, 383.774597 17.000000;
0, 384.297546 27.000000;
0, 384.895630 17.000000;
0, 385.537018 20.000000;
0, 385.537018 22.000000;
0, 386.105377 20.000000;
0, 386.799377 22.000000;
0, 387.429779 20.000000;
0, 387.429779 21.000000;
0, 387.429779 22.000000;
0, 388.060608 27.000000;
0, 388.752655 20.000000;
0, 389.445587 22.000000;
0, 390.130737 27.000000;
0, 390.917053 21.000000;
0, 391.692230 21.000000;
0, 392.408447 20.000000;
0, 392.408447 22.000000;
0, 393.275757 25.000000;
0, 393.275757 27.000000;
0, 394.043732 27.000000;
0, 394.956177 15.000000;
0, 394.956177 16.000000;
0, 394.956177 17.000000;
0, 395.794189 27.000000;
0, 396.773926 25.000000;
0, 396.773926 27.000000;
0, 397.656586 25.000000;
0, 398.770874 20.000000;
0, 398.770874 21.000000;
0, 398.770874 22.000000;
0, 399.735321 15.000000;
0, 399.735321 17.000000;
0, 400.877594 25.000000;
0, 400.877594 26.000000;
0, 400.877594 27.000000;
0, 402.045929 25.000000;
0, 402.045929 26.000000;
0, 402.045929 27.000000;
0, 403.257355 17.000000;
0, 404.601288 26.000000;
0, 406.019470 15.000000;
0, 407.463257 26.000000;
0, 409.007812 27.000000;
0, 410.566711 25.000000;
0, 410.566711 26.000000;
0, 410.566711 27.000000;
0, 412.303589 25.000000;
0, 412.303589 26.000000;
0, 412.303589 27.000000;
0, 414.132782 25.000000;
0, 416.068787 25.000000;
0, 418.024780 22.000000;
0, 419.876587 22.000000;
