0, 119.833359 22.000000;
0, 119.833359 27.000000;
0, 120.199776 21.000000;
0, 120.199776 26.000000;
0, 120.250389 15.000000;
0, 120.400978 16.000000;
0, 120.498436 25.000000;
0, 120.498436 27.000000;
0, 120.597755 26.000000;
0, 120.746483 25.000000;
0, 120.829002 27.000000;
0, 120.993767 25.000000;
0, 120.993767 26.000000;
0, 120.993767 27.000000;
0, 121.174942 17.000000;
0, 121.240273 25.000000;
0, 121.344170 17.000000;
0, 121.486008 25.000000;
0, 121.486008 27.000000;
0, 121.650818 22.000000;
0, 121.731018 25.000000;
0, 121.814194 22.000000;
0, 121.975281 25.000000;
0, 121.975281 26.000000;
0, 121.975281 27.000000;
0, 122.170158 26.000000;
0, 122.221291 20.000000;
0, 122.362427 17.000000;
0, 122.461426 25.000000;
0, 122.461426 27.000000;
0, 122.634560 16.000000;
0, 122.783447 27.000000;
0, 122.943832 25.000000;
0, 122.943832 26.000000;
0, 122.943832 27.000000;
0, 122.943832 25.000000;
0, 122.943832 26.000000;
0, 122.943832 27.000000;
0, 123.142540 21.000000;
0, 123.271088 22.000000;
0, 123.422516 25.000000;
0, 123.422516 27.000000;
0, 123.453087 16.000000;
0, 123.660522 25.000000;
0, 123.726738 17.000000;
0, 123.898026 17.000000;
0, 124.069504 15.000000;
0, 124.069504 16.000000;
0, 124.069504 17.000000;
0, 124.101021 21.000000;
0, 124.275238 26.000000;
0, 124.413086 17.000000;
0, 124.525803 27.000000;
0, 124.650726 26.000000;
0, 124.688614 16.000000;
0, 124.843857 15.000000;
0, 125.024101 26.000000;
0, 125.093491 20.000000;
0, 125.210045 26.000000;
0, 125.421272 21.000000;
0, 125.534241 25.000000;
0, 125.638954 22.000000;
0, 125.794060 20.000000;
0, 125.794060 21.000000;
0, 125.794060 22.000000;
0, 125.936783 16.000000;
0, 126.026100 20.000000;
0, 126.103287 22.000000;
0, 126.315468 26.000000;
0, 126.349754 21.000000;
0, 126.488029 20.000000;
0, 126.566895 16.000000;
0, 126.680206 25.000000;
0, 126.680206 26.000000;
0, 126.680206 27.000000;
0, 126.901337 21.000000;
0, 127.023354 22.000000;
0, 127.175621 20.000000;
0, 127.175621 22.000000;
0, 127.284172 27.000000;
0, 127.403473 20.000000;
0, 127.448959 21.000000;
0, 127.584351 25.000000;
0, 127.584351 26.000000;
0, 127.584351 27.000000;
0, 127.734016 27.000000;
0, 127.841927 16.000000;
0, 128.032471 25.000000;
0, 128.032471 27.000000;
0, 128.083023 20.000000;
0, 128.083023 22.000000;
0, 128.272018 15.000000;
0, 128.272018 16.000000;
0, 128.272018 17.000000;
0, 128.329819 27.000000;
0, 128.532806 20.000000;
0, 128.532806 21.000000;
0, 128.532806 22.000000;
0, 128.655640 26.000000;
0, 128.712021 21.000000;
0, 128.831268 22.000000;
0, 128.980118 20.000000;
0, 128.980118 22.000000;
0, 129.141922 25.000000;
0, 129.215378 27.000000;
0, 129.424973 20.000000;
0, 129.424973 21.000000;
0, 129.424973 22.000000;
0, 129.543579 17.000000;
0, 129.602249 21.000000;
0, 129.720200 22.000000;
0, 129.912170 15.000000;
0, 129.912170 17.000000;
0, 130.023239 16.000000;
0, 130.091675 27.000000;
0, 130.283356 17.000000;
0, 130.307602 20.000000;
0, 130.307602 21.000000;
0, 130.307602 22.000000;
0, 130.526825 20.000000;
0, 130.658096 21.000000;
0, 130.757614 26.000000;
0, 130.845367 17.000000;
0, 131.036194 22.000000;
0, 131.181152 20.000000;
0, 131.181152 21.000000;
0, 131.181152 22.000000;
0, 131.223816 17.000000;
0, 131.354828 21.000000;
0, 131.533173 25.000000;
0, 131.533173 27.000000;
0, 131.605438 15.000000;
0, 131.605438 16.000000;
0, 131.605438 17.000000;
0, 131.790268 26.000000;
0, 131.902542 22.000000;
0, 132.046097 20.000000;
0, 132.046097 21.000000;
0, 132.046097 22.000000;
0, 132.174652 25.000000;
0, 132.218094 21.000000;
0, 132.389755 21.000000;
0, 132.472534 26.000000;
0, 132.599930 25.000000;
0, 132.771454 15.000000;
0, 132.771454 16.000000;
0, 132.771454 17.000000;
0, 132.952972 27.000000;
0, 133.023422 25.000000;
0, 133.093857 27.000000;
0, 133.234512 25.000000;
0, 133.234512 27.000000;
0, 133.413055 21.000000;
0, 133.483444 16.000000;
0, 133.662582 15.000000;
0, 133.722397 16.000000;
0, 133.920547 21.000000;
0, 133.962723 20.000000;
0, 134.162338 17.000000;
0, 134.283630 25.000000;
0, 134.353195 27.000000;
0, 134.442566 16.000000;
0, 134.658813 26.000000;
0, 134.732590 22.000000;
0, 134.908234 25.000000;
0, 134.908234 27.000000;
0, 134.962967 17.000000;
0, 135.094406 21.000000;
0, 135.288712 22.000000;
0, 135.427261 20.000000;
0, 135.427261 21.000000;
0, 135.427261 22.000000;
0, 135.463425 15.000000;
0, 135.598251 27.000000;
0, 135.735764 25.000000;
0, 135.735764 27.000000;
0, 135.841751 20.000000;
0, 135.841751 22.000000;
0, 135.979553 22.000000;
0, 136.147354 25.000000;
0, 136.147354 26.000000;
0, 136.147354 27.000000;
0, 136.311584 26.000000;
0, 136.352600 25.000000;
0, 136.460388 20.000000;
0, 136.594894 16.000000;
0, 136.762131 25.000000;
0, 136.830673 16.000000;
0, 136.938995 22.000000;
0, 137.102386 27.000000;
0, 137.238235 27.000000;
0, 137.347549 22.000000;
0, 137.534348 15.000000;
0, 137.534348 16.000000;
0, 137.534348 17.000000;
0, 137.644928 27.000000;
0, 137.729050 17.000000;
0, 137.923508 17.000000;
0, 138.025009 22.000000;
0, 138.092514 20.000000;
0, 138.213943 21.000000;
0, 138.409027 15.000000;
0, 138.467255 16.000000;
0, 138.698303 20.000000;
0, 138.698303 21.000000;
0, 138.698303 22.000000;
0, 138.790588 25.000000;
0, 138.894241 17.000000;
0, 139.020065 21.000000;
0, 139.088455 17.000000;
0, 139.232895 26.000000;
0, 139.399597 16.000000;
0, 139.527023 27.000000;
0, 139.593781 25.000000;
0, 139.793839 25.000000;
0, 139.793839 27.000000;
0, 139.900253 20.000000;
0, 139.900253 22.000000;
0, 140.033020 22.000000;
0, 140.099350 20.000000;
0, 140.192719 25.000000;
0, 140.192719 26.000000;
0, 140.192719 27.000000;
0, 140.338181 16.000000;
0, 140.457748 27.000000;
0, 140.590027 25.000000;
0, 140.590027 27.000000;
0, 140.722092 27.000000;
0, 140.851898 17.000000;
0, 141.050888 15.000000;
0, 141.050888 16.000000;
0, 141.050888 17.000000;
0, 141.089951 20.000000;
0, 141.089951 21.000000;
0, 141.089951 22.000000;
0, 141.247681 21.000000;
0, 141.351044 15.000000;
0, 141.532242 16.000000;
0, 141.641769 27.000000;
0, 141.775253 16.000000;
0, 141.903091 27.000000;
0, 141.968384 25.000000;
0, 142.164337 25.000000;
0, 142.164337 27.000000;
0, 142.268158 20.000000;
0, 142.268158 22.000000;
0, 142.399506 26.000000;
0, 142.473969 17.000000;
0, 142.682785 17.000000;
0, 142.713242 26.000000;
0, 142.853180 20.000000;
0, 142.969864 21.000000;
0, 143.145325 25.000000;
0, 143.280502 21.000000;
0, 143.435562 20.000000;
0, 143.435562 21.000000;
0, 143.435562 22.000000;
0, 143.536255 15.000000;
0, 143.536255 16.000000;
0, 143.536255 17.000000;
0, 143.657867 26.000000;
0, 143.737122 25.000000;
0, 143.737122 27.000000;
0, 143.899643 21.000000;
0, 143.975739 17.000000;
0, 144.064804 16.000000;
0, 144.295898 26.000000;
0, 144.403214 27.000000;
0, 144.537796 25.000000;
0, 144.537796 27.000000;
0, 144.654037 17.000000;
0, 144.781342 26.000000;
0, 144.823013 21.000000;
0, 145.081360 27.000000;
0, 145.108780 26.000000;
0, 145.273743 26.000000;
0, 145.356552 25.000000;
0, 145.356552 27.000000;
0, 145.455124 16.000000;
0, 145.606369 26.000000;
0, 145.774109 25.000000;
0, 145.774109 26.000000;
0, 145.774109 27.000000;
0, 145.845718 17.000000;
0, 145.969711 15.000000;
0, 146.094666 17.000000;
0, 146.197830 25.000000;
0, 146.197830 27.000000;
0, 146.347504 15.000000;
0, 146.347504 16.000000;
0, 146.347504 17.000000;
0, 146.455276 26.000000;
0, 146.604401 17.000000;
0, 146.773407 27.000000;
0, 146.846252 25.000000;
0, 146.971069 16.000000;
0, 147.105530 21.000000;
0, 147.287888 25.000000;
0, 147.400406 17.000000;
0, 147.536865 15.000000;
0, 147.662003 27.000000;
0, 147.708344 21.000000;
0, 147.858658 21.000000;
0, 147.952881 15.000000;
0, 147.952881 16.000000;
0, 147.952881 17.000000;
0, 148.158905 21.000000;
0, 148.235397 17.000000;
0, 148.427872 25.000000;
0, 148.427872 26.000000;
0, 148.427872 27.000000;
0, 148.458572 21.000000;
0, 148.615280 26.000000;
0, 148.804153 26.000000;
0, 148.907028 21.000000;
0, 148.978806 16.000000;
0, 149.093903 17.000000;
0, 149.218292 27.000000;
0, 149.382034 17.000000;
0, 149.574036 26.000000;
0, 149.651718 21.000000;
0, 149.704575 27.000000;
0, 149.948669 21.000000;
0, 149.967590 26.000000;
0, 150.103241 15.000000;
0, 150.199768 27.000000;
0, 150.362762 16.000000;
0, 150.535675 15.000000;
0, 150.535675 17.000000;
0, 150.568405 26.000000;
0, 150.708435 16.000000;
0, 150.835098 21.000000;
0, 150.967209 15.000000;
0, 151.110703 17.000000;
0, 151.215439 27.000000;
0, 151.349091 20.000000;
0, 151.349091 22.000000;
0, 151.560867 27.000000;
0, 151.593063 22.000000;
0, 151.714859 20.000000;
0, 151.714859 21.000000;
0, 151.714859 22.000000;
0, 151.909271 25.000000;
0, 151.909271 27.000000;
0, 151.964859 17.000000;
0, 152.079483 20.000000;
0, 152.079483 22.000000;
0, 152.261383 20.000000;
0, 152.436935 25.000000;
0, 152.436935 26.000000;
0, 152.436935 27.000000;
0, 152.436935 25.000000;
0, 152.436935 26.000000;
0, 152.436935 27.000000;
0, 152.649460 26.000000;
0, 152.791534 27.000000;
0, 152.925934 22.000000;
0, 152.969574 25.000000;
0, 152.969574 27.000000;
0, 153.076599 26.000000;
0, 153.291061 26.000000;
0, 153.342926 17.000000;
0, 153.527435 20.000000;
0, 153.527435 22.000000;
0, 153.599594 21.000000;
0, 153.775223 25.000000;
0, 153.888184 20.000000;
0, 153.888184 21.000000;
0, 153.888184 22.000000;
0, 154.032501 21.000000;
0, 154.152878 26.000000;
0, 154.224869 27.000000;
0, 154.387909 17.000000;
0, 154.429413 20.000000;
0, 154.585007 25.000000;
0, 154.585007 26.000000;
0, 154.585007 27.000000;
0, 154.730179 22.000000;
0, 154.898682 21.000000;
0, 154.970901 20.000000;
0, 154.970901 22.000000;
0, 155.151474 20.000000;
0, 155.211700 22.000000;
0, 155.332138 20.000000;
0, 155.332138 21.000000;
0, 155.332138 22.000000;
0, 155.518158 16.000000;
0, 155.664169 25.000000;
0, 155.664169 26.000000;
0, 155.664169 27.000000;
0, 155.800583 16.000000;
0, 155.847183 17.000000;
0, 155.934891 22.000000;
0, 156.176346 22.000000;
0, 156.201141 25.000000;
0, 156.201141 27.000000;
0, 156.345490 21.000000;
0, 156.530121 17.000000;
0, 156.599426 20.000000;
0, 156.781021 20.000000;
0, 156.781021 21.000000;
0, 156.781021 22.000000;
0, 156.912582 27.000000;
0, 156.969711 17.000000;
0, 157.160110 26.000000;
0, 157.217575 21.000000;
0, 157.387680 22.000000;
0, 157.442627 27.000000;
0, 157.607758 17.000000;
0, 157.795822 25.000000;
0, 157.795822 26.000000;
0, 157.795822 27.000000;
0, 157.815186 17.000000;
0, 158.020187 15.000000;
0, 158.020187 17.000000;
0, 158.149048 27.000000;
0, 158.219711 26.000000;
0, 158.389099 21.000000;
0, 158.536484 21.000000;
0, 158.643585 26.000000;
0, 158.684128 21.000000;
0, 158.855499 25.000000;
0, 158.855499 26.000000;
0, 158.855499 27.000000;
0, 159.031815 27.000000;
0, 159.103851 22.000000;
0, 159.277435 26.000000;
0, 159.351791 20.000000;
0, 159.351791 22.000000;
0, 159.476059 22.000000;
0, 159.584686 17.000000;
0, 159.725266 20.000000;
0, 159.725266 21.000000;
0, 159.725266 22.000000;
0, 159.902328 25.000000;
0, 159.902328 26.000000;
0, 159.902328 27.000000;
0, 160.025482 21.000000;
0, 160.100769 20.000000;
0, 160.100769 22.000000;
0, 160.216553 16.000000;
0, 160.327118 21.000000;
0, 160.478485 20.000000;
0, 160.478485 21.000000;
0, 160.478485 22.000000;
0, 160.599167 15.000000;
0, 160.720612 26.000000;
0, 160.922638 25.000000;
0, 160.922638 26.000000;
0, 160.922638 27.000000;
0, 161.049591 20.000000;
0, 161.137115 15.000000;
0, 161.225891 17.000000;
0, 161.402786 15.000000;
0, 161.402786 17.000000;
0, 161.522720 26.000000;
0, 161.666534 15.000000;
0, 161.755783 22.000000;
0, 161.918076 25.000000;
0, 161.918076 26.000000;
0, 161.918076 27.000000;
0, 162.081726 27.000000;
0, 162.145187 22.000000;
0, 162.275696 22.000000;
0, 162.407211 25.000000;
0, 162.407211 27.000000;
0, 162.537827 22.000000;
0, 162.603577 20.000000;
0, 162.791565 17.000000;
0, 162.801468 20.000000;
0, 162.801468 21.000000;
0, 162.801468 22.000000;
0, 162.960403 21.000000;
0, 163.133286 17.000000;
0, 163.218460 15.000000;
0, 163.400589 20.000000;
0, 163.467682 22.000000;
0, 163.602219 20.000000;
0, 163.602219 21.000000;
0, 163.602219 22.000000;
0, 163.727875 15.000000;
0, 163.926941 21.000000;
0, 163.981659 15.000000;
0, 163.981659 16.000000;
0, 163.981659 17.000000;
0, 164.156937 27.000000;
0, 164.219391 26.000000;
0, 164.419113 20.000000;
0, 164.419113 21.000000;
0, 164.419113 22.000000;
0, 164.545914 25.000000;
0, 164.656525 17.000000;
0, 164.777908 25.000000;
0, 164.777908 26.000000;
0, 164.777908 27.000000;
0, 164.824936 17.000000;
0, 164.973633 22.000000;
0, 165.161591 17.000000;
0, 165.238846 25.000000;
0, 165.238846 27.000000;
0, 165.397141 16.000000;
0, 165.467850 25.000000;
0, 165.666229 17.000000;
0, 165.800720 16.000000;
0, 165.847443 27.000000;
0, 165.965210 22.000000;
0, 166.170517 17.000000;
0, 166.239548 26.000000;
0, 166.405823 16.000000;
0, 166.545029 20.000000;
0, 166.545029 22.000000;
0, 166.599213 25.000000;
0, 166.599213 26.000000;
0, 166.599213 27.000000;
0, 166.765121 20.000000;
0, 166.838821 22.000000;
0, 166.956741 26.000000;
0, 167.165085 21.000000;
0, 167.284531 22.000000;
0, 167.341812 27.000000;
0, 167.524857 21.000000;
0, 167.660812 20.000000;
0, 167.783310 27.000000;
0, 167.841949 26.000000;
0, 168.041702 22.000000;
0, 168.076035 27.000000;
0, 168.221924 27.000000;
0, 168.349792 20.000000;
0, 168.349792 22.000000;
0, 168.523285 15.000000;
0, 168.523285 17.000000;
0, 168.657852 27.000000;
0, 168.802582 25.000000;
0, 168.802582 27.000000;
0, 168.825775 16.000000;
0, 168.975510 22.000000;
0, 169.062408 26.000000;
0, 169.279572 15.000000;
0, 169.389297 21.000000;
0, 169.533859 20.000000;
0, 169.665237 25.000000;
0, 169.665237 27.000000;
0, 169.783829 15.000000;
0, 169.834290 16.000000;
0, 170.036240 15.000000;
0, 170.036240 16.000000;
0, 170.036240 17.000000;
0, 170.168594 21.000000;
0, 170.235245 27.000000;
0, 170.366638 21.000000;
0, 170.541946 15.000000;
0, 170.541946 17.000000;
0, 170.599411 22.000000;
0, 170.773239 26.000000;
0, 170.935120 22.000000;
0, 171.049042 15.000000;
0, 171.049042 16.000000;
0, 171.049042 17.000000;
0, 171.153564 25.000000;
0, 171.223831 27.000000;
0, 171.387909 17.000000;
0, 171.455765 16.000000;
0, 171.644333 27.000000;
0, 171.791412 20.000000;
0, 171.791412 21.000000;
0, 171.791412 22.000000;
0, 171.923691 27.000000;
0, 171.965668 22.000000;
0, 172.067841 15.000000;
0, 172.067841 16.000000;
0, 172.067841 17.000000;
0, 172.285736 26.000000;
0, 172.410767 25.000000;
0, 172.477432 16.000000;
0, 172.583649 20.000000;
0, 172.785019 26.000000;
0, 172.852432 20.000000;
0, 172.852432 21.000000;
0, 172.852432 22.000000;
0, 172.950958 26.000000;
0, 173.094467 15.000000;
0, 173.094467 16.000000;
0, 173.094467 17.000000;
0, 173.282135 26.000000;
0, 173.438889 17.000000;
0, 173.447372 25.000000;
0, 173.447372 26.000000;
0, 173.447372 27.000000;
0, 173.653625 25.000000;
0, 173.777206 26.000000;
0, 173.923294 16.000000;
0, 173.951584 20.000000;
0, 173.951584 21.000000;
0, 173.951584 22.000000;
0, 174.138596 22.000000;
0, 174.305969 17.000000;
0, 174.407074 27.000000;
0, 174.475357 25.000000;
0, 174.655670 15.000000;
0, 174.655670 17.000000;
0, 174.706192 22.000000;
0, 174.897614 22.000000;
0, 174.952469 27.000000;
0, 175.183807 15.000000;
0, 175.183807 16.000000;
0, 175.183807 17.000000;
0, 175.283783 22.000000;
0, 175.360229 27.000000;
0, 175.538635 17.000000;
0, 175.577286 26.000000;
0, 175.716934 15.000000;
0, 175.716934 17.000000;
0, 175.902313 25.000000;
0, 175.902313 26.000000;
0, 175.902313 27.000000;
0, 175.970230 20.000000;
0, 176.075516 17.000000;
0, 176.226730 26.000000;
0, 176.307755 25.000000;
0, 176.307755 27.000000;
0, 176.473145 16.000000;
0, 176.577545 27.000000;
0, 176.801254 15.000000;
0, 176.801254 17.000000;
0, 176.846985 27.000000;
0, 176.981537 27.000000;
0, 177.168961 17.000000;
0, 177.280640 22.000000;
0, 177.354172 15.000000;
0, 177.354172 16.000000;
0, 177.354172 17.000000;
0, 177.540298 17.000000;
0, 177.577637 16.000000;
0, 177.720184 25.000000;
0, 177.915527 15.000000;
0, 177.915527 17.000000;
0, 178.028915 16.000000;
0, 178.104721 17.000000;
0, 178.294983 17.000000;
0, 178.319092 22.000000;
0, 178.483246 26.000000;
0, 178.678986 17.000000;
0, 178.723770 25.000000;
0, 178.723770 27.000000;
0, 178.924011 25.000000;
0, 178.964066 26.000000;
0, 179.067795 15.000000;
0, 179.067795 17.000000;
0, 179.264145 17.000000;
0, 179.390793 27.000000;
0, 179.461807 17.000000;
0, 179.657211 27.000000;
0, 179.723785 25.000000;
0, 179.923431 25.000000;
0, 179.923431 26.000000;
0, 179.923431 27.000000;
0, 180.056458 27.000000;
0, 180.083069 26.000000;
0, 180.266693 15.000000;
0, 180.266693 17.000000;
0, 180.402161 26.000000;
0, 180.468430 22.000000;
0, 180.574722 15.000000;
0, 180.820312 21.000000;
0, 180.853760 27.000000;
0, 181.039597 26.000000;
0, 181.138260 16.000000;
0, 181.198822 26.000000;
0, 181.392609 16.000000;
0, 181.574493 22.000000;
0, 181.649734 27.000000;
0, 181.715988 25.000000;
0, 181.908752 16.000000;
0, 182.047272 27.000000;
0, 182.156555 21.000000;
0, 182.179749 27.000000;
0, 182.426620 21.000000;
0, 182.471725 22.000000;
0, 182.577011 27.000000;
0, 182.702148 16.000000;
0, 182.836670 15.000000;
0, 182.836670 17.000000;
0, 182.969223 21.000000;
0, 183.175781 15.000000;
0, 183.238708 27.000000;
0, 183.423904 26.000000;
0, 183.518982 15.000000;
0, 183.518982 16.000000;
0, 183.518982 17.000000;
0, 183.582611 26.000000;
0, 183.767761 27.000000;
0, 183.834259 22.000000;
0, 184.058655 26.000000;
0, 184.076447 16.000000;
0, 184.292038 22.000000;
0, 184.406708 20.000000;
0, 184.534576 26.000000;
0, 184.572403 15.000000;
0, 184.691589 17.000000;
0, 184.851791 26.000000;
0, 184.957535 27.000000;
0, 185.165619 21.000000;
0, 185.287888 25.000000;
0, 185.327545 26.000000;
0, 185.442352 20.000000;
0, 185.442352 21.000000;
0, 185.442352 22.000000;
0, 185.658905 15.000000;
0, 185.658905 17.000000;
0, 185.788773 20.000000;
0, 185.806015 16.000000;
0, 186.027527 15.000000;
0, 186.146759 27.000000;
0, 186.151047 17.000000;
0, 186.410995 27.000000;
0, 186.543137 27.000000;
0, 186.595993 26.000000;
0, 186.697876 16.000000;
0, 186.913055 26.000000;
0, 187.062317 22.000000;
0, 187.178284 20.000000;
0, 187.294266 22.000000;
0, 187.400650 17.000000;
0, 187.468140 25.000000;
0, 187.468140 27.000000;
0, 187.653152 17.000000;
0, 187.706329 26.000000;
0, 187.906281 15.000000;
0, 187.906281 16.000000;
0, 187.906281 17.000000;
0, 188.024261 26.000000;
0, 188.183395 26.000000;
0, 188.286911 15.000000;
0, 188.414017 17.000000;
0, 188.515762 16.000000;
0, 188.570908 20.000000;
0, 188.686981 22.000000;
0, 188.923126 17.000000;
0, 189.058441 21.000000;
0, 189.151276 22.000000;
0, 189.301407 26.000000;
0, 189.328171 27.000000;
0, 189.596008 27.000000;
0, 189.596008 27.000000;
0, 189.783951 26.000000;
0, 189.847412 22.000000;
0, 190.044769 16.000000;
0, 190.079315 22.000000;
0, 190.311172 20.000000;
0, 190.311172 22.000000;
0, 190.431107 26.000000;
0, 190.542923 22.000000;
0, 190.658783 20.000000;
0, 190.774597 22.000000;
0, 190.810608 27.000000;
0, 190.946503 27.000000;
0, 191.218872 27.000000;
0, 191.265381 16.000000;
0, 191.341431 15.000000;
0, 191.468216 17.000000;
0, 191.569656 16.000000;
0, 191.721817 15.000000;
0, 191.721817 17.000000;
0, 191.839859 21.000000;
0, 192.048294 20.000000;
0, 192.102295 15.000000;
0, 192.315628 25.000000;
0, 192.315628 27.000000;
0, 192.315628 25.000000;
0, 192.315628 27.000000;
0, 192.453537 27.000000;
0, 192.673676 21.000000;
0, 192.729889 25.000000;
0, 192.729889 26.000000;
0, 192.729889 27.000000;
0, 192.858978 22.000000;
0, 192.951630 21.000000;
0, 193.090607 20.000000;
0, 193.090607 22.000000;
0, 193.229141 26.000000;
0, 193.396149 16.000000;
0, 193.553879 22.000000;
0, 193.553879 22.000000;
0, 193.772491 25.000000;
0, 193.785538 20.000000;
0, 193.785538 21.000000;
0, 193.785538 22.000000;
0, 193.982147 25.000000;
0, 193.982147 27.000000;
0, 194.066116 26.000000;
0, 194.262283 27.000000;
0, 194.341446 21.000000;
0, 194.543060 27.000000;
0, 194.612656 16.000000;
0, 194.712067 22.000000;
0, 194.914108 16.000000;
0, 195.035934 25.000000;
0, 195.078278 26.000000;
0, 195.212906 16.000000;
0, 195.417419 26.000000;
0, 195.530655 27.000000;
0, 195.672333 25.000000;
0, 195.672333 27.000000;
0, 195.730927 21.000000;
0, 195.885101 25.000000;
0, 195.956100 27.000000;
0, 196.087616 16.000000;
0, 196.229706 15.000000;
0, 196.229706 17.000000;
0, 196.329971 22.000000;
0, 196.558929 20.000000;
0, 196.558929 21.000000;
0, 196.558929 22.000000;
0, 196.667892 27.000000;
0, 196.786819 22.000000;
0, 196.923965 15.000000;
0, 196.923965 16.000000;
0, 196.923965 17.000000;
0, 196.923965 15.000000;
0, 196.923965 16.000000;
0, 196.923965 17.000000;
0, 197.149460 17.000000;
0, 197.238770 20.000000;
0, 197.238770 22.000000;
0, 197.382767 25.000000;
0, 197.382767 27.000000;
0, 197.462601 22.000000;
0, 197.597778 25.000000;
0, 197.813034 25.000000;
0, 197.813034 26.000000;
0, 197.813034 27.000000;
0, 197.813034 25.000000;
0, 197.813034 26.000000;
0, 197.813034 27.000000;
0, 197.978592 16.000000;
0, 198.157944 26.000000;
0, 198.231430 15.000000;
0, 198.231430 16.000000;
0, 198.231430 17.000000;
0, 198.330597 26.000000;
0, 198.532181 27.000000;
0, 198.685577 21.000000;
0, 198.685577 21.000000;
0, 198.849274 26.000000;
0, 198.965378 16.000000;
0, 199.192307 20.000000;
0, 199.192307 21.000000;
0, 199.192307 22.000000;
0, 199.202225 16.000000;
0, 199.400223 22.000000;
0, 199.441589 21.000000;
0, 199.665039 16.000000;
0, 199.715958 26.000000;
0, 199.831680 27.000000;
0, 199.976395 25.000000;
0, 199.976395 27.000000;
0, 200.112976 20.000000;
0, 200.279434 15.000000;
0, 200.411407 20.000000;
0, 200.411407 21.000000;
0, 200.411407 22.000000;
0, 200.584686 26.000000;
0, 200.647217 21.000000;
0, 200.729507 17.000000;
0, 200.906097 17.000000;
0, 200.976242 16.000000;
0, 201.106583 26.000000;
0, 201.282578 20.000000;
0, 201.339676 15.000000;
0, 201.565323 20.000000;
0, 201.565323 21.000000;
0, 201.565323 22.000000;
0, 201.570709 27.000000;
0, 201.715759 25.000000;
0, 201.715759 27.000000;
0, 201.844421 20.000000;
0, 202.010208 21.000000;
0, 202.094147 15.000000;
0, 202.094147 17.000000;
0, 202.295959 27.000000;
0, 202.392288 20.000000;
0, 202.446350 21.000000;
0, 202.580765 15.000000;
0, 202.580765 16.000000;
0, 202.580765 17.000000;
0, 202.772110 16.000000;
0, 202.898712 17.000000;
0, 202.961700 16.000000;
0, 203.165787 27.000000;
0, 203.289505 15.000000;
0, 203.364105 22.000000;
0, 203.536667 22.000000;
0, 203.673508 17.000000;
0, 203.715942 26.000000;
0, 203.889572 25.000000;
0, 203.889572 26.000000;
0, 203.889572 27.000000;
0, 203.962997 20.000000;
0, 204.106644 25.000000;
0, 204.275330 17.000000;
0, 204.423553 15.000000;
0, 204.423553 16.000000;
0, 204.423553 17.000000;
0, 204.465652 20.000000;
0, 204.600357 16.000000;
0, 204.717575 17.000000;
0, 204.903336 27.000000;
0, 204.959427 20.000000;
0, 205.105957 21.000000;
0, 205.203262 20.000000;
0, 205.203262 22.000000;
0, 205.338226 27.000000;
0, 205.483215 27.000000;
0, 205.582047 17.000000;
0, 205.802170 26.000000;
0, 205.845642 25.000000;
0, 205.977478 16.000000;
0, 206.160431 20.000000;
0, 206.160431 22.000000;
0, 206.285080 17.000000;
0, 206.351898 27.000000;
0, 206.473694 22.000000;
0, 206.645370 16.000000;
0, 206.784393 22.000000;
0, 206.838043 17.000000;
0, 206.975098 15.000000;
0, 206.975098 16.000000;
0, 206.975098 17.000000;
0, 207.142975 25.000000;
0, 207.214554 27.000000;
0, 207.357574 25.000000;
0, 207.357574 26.000000;
0, 207.357574 27.000000;
0, 207.529022 26.000000;
0, 207.654266 17.000000;
0, 207.785812 25.000000;
0, 207.785812 27.000000;
0, 207.914536 21.000000;
0, 207.990311 15.000000;
0, 208.155350 22.000000;
0, 208.275375 21.000000;
0, 208.354492 27.000000;
0, 208.454880 20.000000;
0, 208.454880 21.000000;
0, 208.454880 22.000000;
0, 208.604034 22.000000;
0, 208.722610 17.000000;
0, 208.849640 25.000000;
0, 209.049347 22.000000;
0, 209.167557 21.000000;
0, 209.271973 25.000000;
0, 209.344513 20.000000;
0, 209.344513 21.000000;
0, 209.344513 22.000000;
0, 209.482361 25.000000;
0, 209.482361 27.000000;
0, 209.642899 17.000000;
0, 209.773468 15.000000;
0, 209.773468 17.000000;
0, 209.901535 25.000000;
0, 209.901535 26.000000;
0, 209.901535 27.000000;
0, 209.968964 15.000000;
0, 210.077286 22.000000;
0, 210.293808 17.000000;
0, 210.397690 21.000000;
0, 210.526016 25.000000;
0, 210.659027 20.000000;
0, 210.659027 22.000000;
0, 210.732971 25.000000;
0, 210.732971 26.000000;
0, 210.732971 27.000000;
0, 210.898102 26.000000;
0, 210.940323 15.000000;
0, 210.940323 16.000000;
0, 210.940323 17.000000;
0, 211.094925 16.000000;
0, 211.266342 21.000000;
0, 211.350113 25.000000;
0, 211.454895 17.000000;
0, 211.669571 22.000000;
0, 211.717636 26.000000;
0, 211.903442 15.000000;
0, 211.961472 25.000000;
0, 211.961472 27.000000;
0, 212.096527 27.000000;
0, 212.222992 17.000000;
0, 212.350616 17.000000;
0, 212.526688 26.000000;
0, 212.605576 17.000000;
0, 212.783813 16.000000;
0, 212.847305 26.000000;
0, 212.987305 17.000000;
0, 213.158661 21.000000;
0, 213.298477 27.000000;
0, 213.386826 22.000000;
0, 213.483246 26.000000;
0, 213.671814 20.000000;
0, 213.671814 21.000000;
0, 213.671814 22.000000;
0, 213.798569 26.000000;
0, 213.849594 16.000000;
0, 213.956528 22.000000;
0, 214.151184 25.000000;
0, 214.268234 26.000000;
0, 214.354767 21.000000;
0, 214.525330 20.000000;
0, 214.525330 21.000000;
0, 214.525330 22.000000;
0, 214.604950 27.000000;
0, 214.733902 25.000000;
0, 214.733902 26.000000;
0, 214.733902 27.000000;
0, 214.862534 27.000000;
0, 215.036652 21.000000;
0, 215.093430 22.000000;
0, 215.235352 22.000000;
0, 215.363190 16.000000;
0, 215.519119 22.000000;
0, 215.653305 26.000000;
0, 215.717667 21.000000;
0, 215.892242 15.000000;
0, 215.892242 17.000000;
0, 216.018204 17.000000;
0, 216.107117 26.000000;
0, 216.228165 20.000000;
0, 216.228165 21.000000;
0, 216.228165 22.000000;
0, 216.396072 17.000000;
0, 216.522034 17.000000;
0, 216.653534 20.000000;
0, 216.653534 22.000000;
0, 216.773941 17.000000;
0, 216.866241 20.000000;
0, 216.937119 22.000000;
0, 217.151810 17.000000;
0, 217.277771 17.000000;
0, 217.403763 15.000000;
0, 217.403763 17.000000;
0, 217.479340 16.000000;
0, 217.646057 22.000000;
0, 217.781754 15.000000;
0, 217.781754 16.000000;
0, 217.781754 17.000000;
0, 217.907806 17.000000;
0, 218.029541 26.000000;
0, 218.099747 21.000000;
0, 218.222794 27.000000;
0, 218.349213 15.000000;
0, 218.538544 15.000000;
0, 218.538544 16.000000;
0, 218.538544 17.000000;
0, 218.607208 26.000000;
0, 218.780365 20.000000;
0, 218.780365 21.000000;
0, 218.780365 22.000000;
0, 218.917557 15.000000;
0, 218.917557 17.000000;
0, 218.993088 20.000000;
0, 219.145218 16.000000;
0, 219.297058 27.000000;
0, 219.415131 27.000000;
0, 219.532928 25.000000;
0, 219.532928 27.000000;
0, 219.601379 16.000000;
0, 219.767807 27.000000;
0, 219.844513 20.000000;
0, 219.972336 21.000000;
0, 220.164856 26.000000;
0, 220.270676 20.000000;
0, 220.341751 22.000000;
0, 220.466705 27.000000;
0, 220.654587 21.000000;
0, 220.721207 26.000000;
0, 220.827301 15.000000;
0, 220.827301 16.000000;
0, 220.827301 17.000000;
0, 220.981628 16.000000;
0, 221.136215 16.000000;
0, 221.291061 16.000000;
0, 221.407394 15.000000;
0, 221.481888 22.000000;
0, 221.601593 15.000000;
0, 221.601593 16.000000;
0, 221.601593 17.000000;
0, 221.768478 20.000000;
0, 221.768478 22.000000;
0, 221.846756 27.000000;
0, 222.027206 21.000000;
0, 222.098160 26.000000;
0, 222.226105 16.000000;
0, 222.382996 15.000000;
0, 222.382996 16.000000;
0, 222.382996 17.000000;
0, 222.513947 17.000000;
0, 222.648224 25.000000;
0, 222.648224 26.000000;
0, 222.648224 27.000000;
0, 222.721954 21.000000;
0, 222.853149 20.000000;
0, 222.974075 15.000000;
0, 223.172134 15.000000;
0, 223.172134 16.000000;
0, 223.172134 17.000000;
0, 223.219498 22.000000;
0, 223.343903 25.000000;
0, 223.343903 26.000000;
0, 223.343903 27.000000;
0, 223.484619 26.000000;
0, 223.649643 16.000000;
0, 223.769501 15.000000;
0, 223.836197 17.000000;
0, 224.054810 25.000000;
0, 224.054810 26.000000;
0, 224.054810 27.000000;
0, 224.142883 21.000000;
0, 224.235825 25.000000;
0, 224.415833 20.000000;
0, 224.415833 22.000000;
0, 224.491852 26.000000;
0, 224.641296 17.000000;
0, 224.788544 25.000000;
0, 224.788544 26.000000;
0, 224.788544 27.000000;
0, 224.913544 27.000000;
0, 225.032104 22.000000;
0, 225.089981 26.000000;
0, 225.264984 16.000000;
0, 225.396591 26.000000;
0, 225.552048 25.000000;
0, 225.552048 26.000000;
0, 225.552048 27.000000;
0, 225.664383 22.000000;
0, 225.729752 17.000000;
0, 225.922089 16.000000;
0, 226.020203 21.000000;
0, 226.151184 22.000000;
0, 226.217010 21.000000;
0, 226.419250 15.000000;
0, 226.419250 16.000000;
0, 226.419250 17.000000;
0, 226.517960 26.000000;
0, 226.616943 21.000000;
0, 226.697144 17.000000;
0, 226.836502 15.000000;
0, 226.836502 17.000000;
0, 226.976212 17.000000;
0, 227.164825 22.000000;
0, 227.198792 25.000000;
0, 227.198792 26.000000;
0, 227.198792 27.000000;
0, 227.344925 27.000000;
0, 227.467529 15.000000;
0, 227.594482 16.000000;
0, 227.792923 27.000000;
0, 227.891693 15.000000;
0, 228.060684 22.000000;
0, 228.097672 21.000000;
0, 228.256531 27.000000;
0, 228.414780 27.000000;
0, 228.549179 21.000000;
0, 228.672058 26.000000;
0, 228.722397 20.000000;
0, 228.820526 17.000000;
0, 229.067917 25.000000;
0, 229.067917 26.000000;
0, 229.067917 27.000000;
0, 229.181366 15.000000;
0, 229.236511 27.000000;
0, 229.418442 22.000000;
0, 229.476349 26.000000;
0, 229.660751 16.000000;
0, 229.689911 17.000000;
0, 229.835968 15.000000;
0, 229.835968 16.000000;
0, 229.835968 17.000000;
0, 229.982315 17.000000;
0, 230.187759 16.000000;
0, 230.297455 27.000000;
0, 230.334381 26.000000;
0, 230.483063 27.000000;
0, 230.570953 17.000000;
0, 230.708344 22.000000;
0, 230.896896 16.000000;
0, 230.958817 25.000000;
0, 231.076233 21.000000;
0, 231.288055 20.000000;
0, 231.407272 22.000000;
0, 231.451996 27.000000;
0, 231.654282 27.000000;
0, 231.793564 16.000000;
0, 231.838684 15.000000;
0, 231.974243 16.000000;
0, 232.172836 25.000000;
0, 232.278748 27.000000;
0, 232.336868 16.000000;
0, 232.558624 21.000000;
0, 232.558624 21.000000;
0, 232.709885 27.000000;
0, 232.823013 17.000000;
0, 233.067184 16.000000;
0, 233.067184 16.000000;
0, 233.287933 26.000000;
0, 233.287933 26.000000;
0, 233.529007 21.000000;
0, 233.607254 27.000000;
0, 233.803848 16.000000;
0, 233.838684 25.000000;
0, 233.838684 26.000000;
0, 233.838684 27.000000;
0, 234.050720 17.000000;
0, 234.174393 16.000000;
0, 234.190842 25.000000;
0, 234.322357 22.000000;
0, 234.546326 16.000000;
0, 234.670593 17.000000;
0, 234.693405 26.000000;
0, 234.919540 16.000000;
0, 235.034134 27.000000;
0, 235.059799 15.000000;
0, 235.293930 15.000000;
0, 235.293930 16.000000;
0, 235.293930 17.000000;
0, 235.293930 15.000000;
0, 235.293930 16.000000;
0, 235.293930 17.000000;
0, 235.527847 27.000000;
0, 235.652420 25.000000;
0, 235.797272 20.000000;
0, 235.797272 22.000000;
0, 235.920242 17.000000;
0, 236.028595 25.000000;
0, 236.028595 27.000000;
0, 236.179962 26.000000;
0, 236.281128 27.000000;
0, 236.407898 25.000000;
0, 236.534897 27.000000;
0, 236.549026 17.000000;
0, 236.801086 16.000000;
0, 236.801086 16.000000;
0, 237.021835 17.000000;
0, 237.173340 25.000000;
0, 237.179642 15.000000;
0, 237.179642 16.000000;
0, 237.179642 17.000000;
0, 237.337479 17.000000;
0, 237.558594 16.000000;
0, 237.558594 16.000000;
0, 237.712433 26.000000;
0, 237.815262 27.000000;
0, 238.045120 20.000000;
0, 238.072403 27.000000;
0, 238.318008 16.000000;
0, 238.318008 16.000000;
0, 238.444855 17.000000;
0, 238.587463 27.000000;
0, 238.794189 22.000000;
0, 238.845398 27.000000;
0, 238.921158 17.000000;
0, 239.080093 15.000000;
0, 239.080093 16.000000;
0, 239.080093 17.000000;
0, 239.270935 16.000000;
0, 239.398193 17.000000;
0, 239.557297 15.000000;
0, 239.557297 17.000000;
0, 239.570953 21.000000;
0, 239.689819 22.000000;
0, 239.843781 16.000000;
0, 239.926941 21.000000;
0, 240.193985 17.000000;
0, 240.225830 16.000000;
0, 240.416855 16.000000;
0, 240.574234 22.000000;
0, 240.652863 25.000000;
0, 240.652863 27.000000;
0, 240.798889 16.000000;
0, 240.830719 17.000000;
0, 241.039902 25.000000;
0, 241.155685 20.000000;
0, 241.155685 22.000000;
0, 241.308258 17.000000;
0, 241.308258 17.000000;
0, 241.426605 25.000000;
0, 241.426605 26.000000;
0, 241.426605 27.000000;
0, 241.562881 16.000000;
0, 241.753860 16.000000;
0, 241.941345 27.000000;
0, 241.941345 27.000000;
0, 242.044144 26.000000;
0, 242.183441 15.000000;
0, 242.326599 16.000000;
0, 242.517456 16.000000;
0, 242.571747 22.000000;
0, 242.740067 17.000000;
0, 242.740067 17.000000;
0, 242.899063 15.000000;
0, 242.899063 16.000000;
0, 242.899063 17.000000;
0, 243.119659 22.000000;
0, 243.254745 20.000000;
0, 243.375916 15.000000;
0, 243.375916 17.000000;
0, 243.389023 22.000000;
0, 243.614212 15.000000;
0, 243.733215 25.000000;
0, 243.733215 27.000000;
0, 243.733215 25.000000;
0, 243.733215 27.000000;
0, 243.988297 27.000000;
0, 244.090607 15.000000;
0, 244.192154 26.000000;
0, 244.243088 27.000000;
0, 244.487305 17.000000;
0, 244.497513 25.000000;
0, 244.497513 26.000000;
0, 244.497513 27.000000;
0, 244.614166 16.000000;
0, 244.810257 20.000000;
0, 244.934097 22.000000;
0, 244.994553 16.000000;
0, 245.184647 16.000000;
0, 245.184647 16.000000;
0, 245.420425 22.000000;
0, 245.539734 20.000000;
0, 245.658096 22.000000;
0, 245.761932 27.000000;
0, 245.943939 16.000000;
0, 245.943939 16.000000;
0, 246.070312 17.000000;
0, 246.263123 27.000000;
0, 246.313065 26.000000;
0, 246.512512 27.000000;
0, 246.543808 17.000000;
0, 246.612045 26.000000;
0, 246.859055 17.000000;
0, 246.900833 20.000000;
0, 247.016525 17.000000;
0, 247.221512 20.000000;
0, 247.221512 22.000000;
0, 247.255417 27.000000;
0, 247.457001 16.000000;
0, 247.488434 17.000000;
0, 247.596558 21.000000;
0, 247.802582 17.000000;
0, 247.840866 20.000000;
0, 247.840866 21.000000;
0, 247.840866 22.000000;
0, 248.041092 22.000000;
0, 248.086578 26.000000;
0, 248.273010 17.000000;
0, 248.398315 16.000000;
0, 248.429642 17.000000;
0, 248.624191 22.000000;
0, 248.742569 17.000000;
0, 248.775436 21.000000;
0, 248.999146 20.000000;
0, 248.999146 21.000000;
0, 248.999146 22.000000;
0, 249.148727 16.000000;
0, 249.211151 17.000000;
0, 249.273590 20.000000;
0, 249.367142 17.000000;
0, 249.521362 26.000000;
0, 249.678802 17.000000;
0, 249.806168 20.000000;
0, 249.896713 16.000000;
0, 250.064880 20.000000;
0, 250.064880 21.000000;
0, 250.064880 22.000000;
0, 250.083313 16.000000;
0, 250.268417 21.000000;
0, 250.402466 22.000000;
0, 250.402466 22.000000;
0, 250.611206 17.000000;
0, 250.732178 22.000000;
0, 250.828201 16.000000;
0, 250.894257 22.000000;
0, 251.075958 17.000000;
0, 251.199753 16.000000;
0, 251.244675 21.000000;
0, 251.432404 21.000000;
0, 251.539780 17.000000;
0, 251.679230 22.000000;
0, 251.721252 25.000000;
0, 251.721252 26.000000;
0, 251.721252 27.000000;
0, 251.801178 21.000000;
0, 252.002670 17.000000;
0, 252.131912 22.000000;
0, 252.163879 27.000000;
0, 252.280075 22.000000;
0, 252.495422 16.000000;
0, 252.601013 27.000000;
0, 252.644943 20.000000;
0, 252.817535 27.000000;
0, 252.860275 20.000000;
0, 252.860275 21.000000;
0, 252.860275 22.000000;
0, 253.002533 15.000000;
0, 253.073135 20.000000;
0, 253.283585 20.000000;
0, 253.283585 22.000000;
0, 253.386032 17.000000;
0, 253.458893 27.000000;
0, 253.543472 26.000000;
0, 253.669952 25.000000;
0, 253.669952 27.000000;
0, 253.795944 26.000000;
0, 253.969635 22.000000;
0, 254.088043 27.000000;
0, 254.104233 20.000000;
0, 254.104233 22.000000;
0, 254.304672 20.000000;
0, 254.344559 21.000000;
0, 254.500809 27.000000;
0, 254.603195 25.000000;
0, 254.705231 27.000000;
0, 254.818161 21.000000;
0, 254.914597 17.000000;
0, 255.110153 27.000000;
0, 255.155014 22.000000;
0, 255.283508 20.000000;
0, 255.283508 21.000000;
0, 255.283508 22.000000;
0, 255.411469 22.000000;
0, 255.509949 25.000000;
0, 255.509949 26.000000;
0, 255.509949 27.000000;
0, 255.615128 16.000000;
0, 255.747421 26.000000;
0, 255.855377 20.000000;
0, 256.043915 20.000000;
0, 256.043915 21.000000;
0, 256.043915 22.000000;
0, 256.162354 16.000000;
0, 256.207916 15.000000;
0, 256.294556 27.000000;
0, 256.487640 27.000000;
0, 256.604218 20.000000;
0, 256.663300 15.000000;
0, 256.870270 27.000000;
0, 256.890778 15.000000;
0, 256.890778 16.000000;
0, 256.890778 17.000000;
0, 257.059814 27.000000;
0, 257.157990 20.000000;
0, 257.157990 22.000000;
0, 257.231415 21.000000;
0, 257.378052 21.000000;
0, 257.435455 27.000000;
0, 257.617950 16.000000;
0, 257.648224 17.000000;
0, 257.799591 15.000000;
0, 257.799591 16.000000;
0, 257.799591 17.000000;
0, 257.889008 20.000000;
0, 257.889008 22.000000;
0, 258.070770 20.000000;
0, 258.131317 22.000000;
0, 258.246246 26.000000;
0, 258.355164 25.000000;
0, 258.355164 27.000000;
0, 258.463715 26.000000;
0, 258.555695 17.000000;
0, 258.735229 22.000000;
0, 258.857880 17.000000;
0, 258.894226 25.000000;
0, 258.894226 26.000000;
0, 258.894226 27.000000;
0, 259.096466 22.000000;
0, 259.156586 20.000000;
0, 259.250488 16.000000;
0, 259.424164 25.000000;
0, 259.424164 27.000000;
0, 259.552979 21.000000;
0, 259.576996 22.000000;
0, 259.697021 20.000000;
0, 259.697021 21.000000;
0, 259.697021 22.000000;
0, 259.816956 22.000000;
0, 259.936890 22.000000;
0, 260.117249 27.000000;
0, 260.155792 16.000000;
0, 260.288239 27.000000;
0, 260.458282 25.000000;
0, 260.458282 27.000000;
0, 260.559875 26.000000;
0, 260.668427 17.000000;
0, 260.775848 20.000000;
0, 260.775848 22.000000;
0, 260.895660 22.000000;
0, 260.955566 20.000000;
0, 261.129822 27.000000;
0, 261.163025 26.000000;
0, 261.279114 21.000000;
0, 261.460541 25.000000;
0, 261.460541 27.000000;
0, 261.566681 21.000000;
0, 261.614594 22.000000;
0, 261.783325 16.000000;
0, 261.788086 27.000000;
0, 261.998016 21.000000;
0, 262.112457 27.000000;
0, 262.174805 17.000000;
0, 262.337769 26.000000;
0, 262.453369 22.000000;
0, 262.506012 16.000000;
0, 262.686646 16.000000;
0, 262.776947 15.000000;
0, 262.776947 17.000000;
0, 262.910553 25.000000;
0, 262.910553 26.000000;
0, 262.910553 27.000000;
0, 262.932648 20.000000;
0, 262.932648 22.000000;
0, 263.077972 17.000000;
0, 263.172302 22.000000;
0, 263.379028 17.000000;
0, 263.454285 15.000000;
0, 263.529541 17.000000;
0, 263.680054 15.000000;
0, 263.680054 17.000000;
0, 263.723480 21.000000;
0, 263.905823 15.000000;
0, 264.011047 20.000000;
0, 264.011047 21.000000;
0, 264.011047 22.000000;
0, 264.131592 15.000000;
0, 264.131592 16.000000;
0, 264.131592 17.000000;
0, 264.250702 22.000000;
0, 264.298645 21.000000;
0, 264.456512 27.000000;
0, 264.577545 26.000000;
0, 264.607788 27.000000;
0, 264.733643 17.000000;
0, 264.908630 27.000000;
0, 264.970215 22.000000;
0, 265.058289 27.000000;
0, 265.207397 25.000000;
0, 265.207397 27.000000;
0, 265.306305 21.000000;
0, 265.474487 26.000000;
0, 265.594574 21.000000;
0, 265.690674 22.000000;
0, 265.798828 27.000000;
0, 265.931061 22.000000;
0, 266.027252 21.000000;
0, 266.088287 17.000000;
0, 266.179199 26.000000;
0, 266.310242 25.000000;
0, 266.479645 16.000000;
0, 266.527985 25.000000;
0, 266.527985 26.000000;
0, 266.527985 27.000000;
0, 266.652893 22.000000;
0, 266.745026 25.000000;
0, 266.840942 15.000000;
0, 266.840942 16.000000;
0, 266.840942 17.000000;
0, 267.021606 16.000000;
0, 267.142059 17.000000;
0, 267.248810 27.000000;
0, 267.375702 22.000000;
0, 267.472137 21.000000;
0, 267.535187 27.000000;
0, 267.606659 25.000000;
0, 267.744537 15.000000;
0, 267.744537 16.000000;
0, 267.744537 17.000000;
0, 267.906433 21.000000;
0, 268.034210 25.000000;
0, 268.099579 22.000000;
0, 268.196655 15.000000;
0, 268.196655 17.000000;
0, 268.287140 16.000000;
0, 268.422852 15.000000;
0, 268.587616 26.000000;
0, 268.631165 21.000000;
0, 268.800110 17.000000;
0, 268.875610 15.000000;
0, 268.951080 17.000000;
0, 269.066589 20.000000;
0, 269.066589 21.000000;
0, 269.066589 22.000000;
0, 269.248169 20.000000;
0, 269.308990 25.000000;
0, 269.404297 17.000000;
0, 269.521484 25.000000;
0, 269.521484 27.000000;
0, 269.647919 21.000000;
0, 269.793396 20.000000;
0, 269.793396 21.000000;
0, 269.793396 22.000000;
0, 269.857971 17.000000;
0, 270.035980 22.000000;
0, 270.091278 27.000000;
0, 270.236572 15.000000;
0, 270.292145 26.000000;
0, 270.400177 22.000000;
0, 270.595215 25.000000;
0, 270.646149 16.000000;
0, 270.813141 25.000000;
0, 270.813141 26.000000;
0, 270.813141 27.000000;
0, 270.828400 16.000000;
0, 270.988434 26.000000;
0, 271.129852 22.000000;
0, 271.251648 20.000000;
0, 271.251648 21.000000;
0, 271.251648 22.000000;
0, 271.376404 15.000000;
0, 271.376404 16.000000;
0, 271.376404 17.000000;
0, 271.401062 27.000000;
0, 271.544159 21.000000;
0, 271.699127 25.000000;
0, 271.699127 26.000000;
0, 271.699127 27.000000;
0, 271.739380 22.000000;
0, 271.924683 25.000000;
0, 271.983551 20.000000;
0, 271.983551 21.000000;
0, 271.983551 22.000000;
0, 272.130219 21.000000;
0, 272.276947 21.000000;
0, 272.294556 15.000000;
0, 272.294556 16.000000;
0, 272.294556 17.000000;
0, 272.427460 26.000000;
0, 272.525238 15.000000;
0, 272.612549 25.000000;
0, 272.612549 26.000000;
0, 272.612549 27.000000;
0, 272.756439 15.000000;
0, 272.756439 17.000000;
0, 272.864807 21.000000;
0, 272.986603 26.000000;
0, 273.065582 17.000000;
0, 273.238922 27.000000;
0, 273.306793 21.000000;
0, 273.406921 16.000000;
0, 273.531403 17.000000;
0, 273.700470 22.000000;
0, 273.751221 26.000000;
0, 273.921692 15.000000;
0, 273.968658 16.000000;
0, 274.070374 22.000000;
0, 274.290924 25.000000;
0, 274.345612 16.000000;
0, 274.490509 21.000000;
0, 274.534882 16.000000;
0, 274.708038 27.000000;
0, 274.792389 25.000000;
0, 274.867493 15.000000;
0, 274.946960 17.000000;
0, 275.085541 21.000000;
0, 275.265930 17.000000;
0, 275.309326 20.000000;
0, 275.309326 22.000000;
0, 275.490265 16.000000;
0, 275.586700 15.000000;
0, 275.586700 17.000000;
0, 275.740936 27.000000;
0, 275.747833 17.000000;
0, 275.917725 27.000000;
0, 276.057770 20.000000;
0, 276.057770 22.000000;
0, 276.071625 15.000000;
0, 276.071625 16.000000;
0, 276.071625 17.000000;
0, 276.203491 26.000000;
0, 276.308197 22.000000;
0, 276.433594 20.000000;
0, 276.433594 21.000000;
0, 276.433594 22.000000;
0, 276.584229 21.000000;
0, 276.639099 25.000000;
0, 276.639099 26.000000;
0, 276.639099 27.000000;
0, 276.823120 27.000000;
0, 276.886108 21.000000;
0, 277.037323 21.000000;
0, 277.062561 22.000000;
0, 277.195801 25.000000;
0, 277.195801 27.000000;
0, 277.315094 22.000000;
0, 277.441589 22.000000;
0, 277.557495 15.000000;
0, 277.557495 17.000000;
0, 277.725830 17.000000;
0, 277.821960 22.000000;
0, 277.861053 16.000000;
0, 278.064728 15.000000;
0, 278.064728 16.000000;
0, 278.064728 17.000000;
0, 278.101746 21.000000;
0, 278.234009 26.000000;
0, 278.320923 15.000000;
0, 278.459015 22.000000;
0, 278.561279 21.000000;
0, 278.714966 20.000000;
0, 278.714966 21.000000;
0, 278.714966 22.000000;
0, 278.751892 17.000000;
0, 278.890930 16.000000;
0, 279.100189 20.000000;
0, 279.100189 22.000000;
0, 279.100525 15.000000;
0, 279.100525 16.000000;
0, 279.100525 17.000000;
0, 279.228943 22.000000;
0, 279.357910 22.000000;
0, 279.445862 26.000000;
0, 279.630219 15.000000;
0, 279.630219 17.000000;
0, 279.737152 16.000000;
0, 279.779968 27.000000;
0, 279.953461 21.000000;
0, 279.991119 27.000000;
0, 280.109467 21.000000;
0, 280.350159 17.000000;
0, 280.350159 17.000000;
0, 280.526947 22.000000;
0, 280.635925 27.000000;
0, 280.736450 21.000000;
0, 280.854614 25.000000;
0, 280.854614 27.000000;
0, 280.986786 26.000000;
0, 281.075226 27.000000;
0, 281.209808 21.000000;
0, 281.253113 26.000000;
0, 281.462769 17.000000;
0, 281.526947 21.000000;
0, 281.579895 22.000000;
0, 281.712524 22.000000;
0, 281.862457 25.000000;
0, 281.978363 22.000000;
0, 282.035400 17.000000;
0, 282.207062 25.000000;
0, 282.207062 27.000000;
0, 282.245117 20.000000;
0, 282.245117 22.000000;
0, 282.378845 22.000000;
0, 282.485992 21.000000;
0, 282.619965 17.000000;
0, 282.808289 21.000000;
0, 282.817627 17.000000;
0, 282.916046 22.000000;
0, 283.136902 16.000000;
0, 283.186066 22.000000;
0, 283.294312 21.000000;
0, 283.386780 27.000000;
0, 283.620026 21.000000;
0, 283.623047 15.000000;
0, 283.623047 16.000000;
0, 283.623047 17.000000;
0, 283.728912 22.000000;
0, 283.865204 20.000000;
0, 283.865204 22.000000;
0, 284.035126 17.000000;
0, 284.118317 16.000000;
0, 284.138550 22.000000;
0, 284.275574 20.000000;
0, 284.275574 21.000000;
0, 284.275574 22.000000;
0, 284.481598 20.000000;
0, 284.605438 21.000000;
0, 284.663300 26.000000;
0, 284.738434 25.000000;
0, 284.879242 15.000000;
0, 284.879242 16.000000;
0, 284.879242 17.000000;
0, 285.094604 17.000000;
0, 285.102753 20.000000;
0, 285.102753 21.000000;
0, 285.102753 22.000000;
0, 285.269196 21.000000;
0, 285.399170 16.000000;
0, 285.436005 21.000000;
0, 285.626587 27.000000;
0, 285.663116 16.000000;
0, 285.770569 21.000000;
0, 285.974457 17.000000;
0, 285.974457 17.000000;
0, 286.195343 26.000000;
0, 286.218658 22.000000;
0, 286.359131 20.000000;
0, 286.359131 22.000000;
0, 286.539856 15.000000;
0, 286.654388 17.000000;
0, 286.666382 25.000000;
0, 286.666382 27.000000;
0, 286.923187 22.000000;
0, 286.930176 27.000000;
0, 287.117676 17.000000;
0, 287.234772 15.000000;
0, 287.348297 22.000000;
0, 287.462189 25.000000;
0, 287.462189 26.000000;
0, 287.462189 27.000000;
0, 287.462189 25.000000;
0, 287.462189 26.000000;
0, 287.462189 27.000000;
0, 287.589172 15.000000;
0, 287.589172 16.000000;
0, 287.589172 17.000000;
0, 287.803589 21.000000;
0, 287.864838 25.000000;
0, 288.060425 20.000000;
0, 288.060425 22.000000;
0, 288.165985 16.000000;
0, 288.203339 22.000000;
0, 288.312103 15.000000;
0, 288.312103 17.000000;
0, 288.433472 26.000000;
0, 288.632935 22.000000;
0, 288.678833 25.000000;
0, 288.833801 21.000000;
0, 288.833801 21.000000;
0, 289.089905 25.000000;
0, 289.089905 26.000000;
0, 289.089905 27.000000;
0, 289.207550 22.000000;
0, 289.207550 22.000000;
0, 289.432526 15.000000;
0, 289.495728 22.000000;
0, 289.661835 16.000000;
0, 289.697784 21.000000;
0, 289.919434 25.000000;
0, 289.919434 27.000000;
0, 289.928925 22.000000;
0, 290.073547 22.000000;
0, 290.197968 27.000000;
0, 290.363098 22.000000;
0, 290.477417 27.000000;
0, 290.507965 22.000000;
0, 290.739899 21.000000;
0, 290.757782 25.000000;
0, 290.757782 26.000000;
0, 290.757782 27.000000;
0, 290.942993 22.000000;
0, 291.088104 20.000000;
0, 291.088104 21.000000;
0, 291.088104 22.000000;
0, 291.095337 26.000000;
0, 291.233246 22.000000;
0, 291.434052 26.000000;
0, 291.436493 21.000000;
0, 291.666382 17.000000;
0, 291.785034 21.000000;
0, 291.887360 27.000000;
0, 292.029388 25.000000;
0, 292.133545 21.000000;
0, 292.171600 27.000000;
0, 292.394958 20.000000;
0, 292.394958 22.000000;
0, 292.482117 21.000000;
0, 292.612823 20.000000;
0, 292.628479 15.000000;
0, 292.830627 20.000000;
0, 292.830627 21.000000;
0, 292.830627 22.000000;
0, 292.975861 22.000000;
0, 293.048431 20.000000;
0, 293.179108 21.000000;
0, 293.315002 25.000000;
0, 293.315002 27.000000;
0, 293.329376 17.000000;
0, 293.527496 21.000000;
0, 293.556519 22.000000;
0, 293.832550 26.000000;
0, 293.832550 26.000000;
0, 294.050018 21.000000;
0, 294.178467 25.000000;
0, 294.178467 26.000000;
0, 294.178467 27.000000;
0, 294.184021 17.000000;
0, 294.282684 22.000000;
0, 294.428314 22.000000;
0, 294.611938 25.000000;
0, 294.756653 27.000000;
0, 294.756653 27.000000;
0, 294.872528 26.000000;
0, 295.011963 20.000000;
0, 295.011963 22.000000;
0, 295.220490 26.000000;
0, 295.304443 22.000000;
0, 295.336639 27.000000;
0, 295.597290 22.000000;
0, 295.626587 21.000000;
0, 295.670532 20.000000;
0, 295.930786 17.000000;
0, 296.036987 22.000000;
0, 296.078217 15.000000;
0, 296.209869 27.000000;
0, 296.330383 20.000000;
0, 296.330383 21.000000;
0, 296.330383 22.000000;
0, 296.506500 21.000000;
0, 296.550507 20.000000;
0, 296.682617 21.000000;
0, 296.794067 25.000000;
0, 296.794067 27.000000;
0, 296.990875 20.000000;
0, 297.064301 22.000000;
0, 297.116821 17.000000;
0, 297.379913 27.000000;
0, 297.504639 22.000000;
0, 297.651367 20.000000;
0, 297.651367 22.000000;
0, 297.739380 21.000000;
0, 297.864563 15.000000;
0, 297.967346 27.000000;
0, 298.014587 17.000000;
0, 298.114410 25.000000;
0, 298.267242 21.000000;
0, 298.379181 26.000000;
0, 298.495636 16.000000;
0, 298.616119 17.000000;
0, 298.823608 22.000000;
0, 298.857300 16.000000;
0, 298.969849 20.000000;
0, 298.969849 21.000000;
0, 298.969849 22.000000;
0, 299.189026 20.000000;
0, 299.219574 15.000000;
0, 299.219574 16.000000;
0, 299.219574 17.000000;
0, 299.320465 21.000000;
0, 299.495575 21.000000;
0, 299.626801 20.000000;
0, 299.824036 17.000000;
0, 299.845367 20.000000;
0, 299.845367 21.000000;
0, 299.845367 22.000000;
0, 299.990936 22.000000;
0, 300.126434 15.000000;
0, 300.126434 17.000000;
0, 300.320984 25.000000;
0, 300.320984 27.000000;
0, 300.428925 17.000000;
0, 300.543060 21.000000;
0, 300.580200 15.000000;
0, 300.717072 20.000000;
0, 300.717072 21.000000;
0, 300.717072 22.000000;
0, 300.909424 27.000000;
0, 301.064514 21.000000;
0, 301.203613 25.000000;
0, 301.203613 26.000000;
0, 301.203613 27.000000;
0, 301.203613 25.000000;
0, 301.203613 26.000000;
0, 301.203613 27.000000;
0, 301.411224 21.000000;
0, 301.554382 26.000000;
0, 301.584290 20.000000;
0, 301.584290 21.000000;
0, 301.584290 22.000000;
0, 301.728363 22.000000;
0, 301.929810 21.000000;
0, 302.067017 25.000000;
0, 302.067017 27.000000;
0, 302.159729 22.000000;
0, 302.274536 21.000000;
0, 302.446594 20.000000;
0, 302.446594 21.000000;
0, 302.446594 22.000000;
0, 302.547302 17.000000;
0, 302.661346 20.000000;
0, 302.661346 20.000000;
0, 302.849945 15.000000;
0, 302.849945 16.000000;
0, 302.849945 17.000000;
0, 303.089935 20.000000;
0, 303.152527 17.000000;
0, 303.303711 20.000000;
0, 303.303711 21.000000;
0, 303.303711 22.000000;
0, 303.454620 17.000000;
0, 303.474518 21.000000;
0, 303.588257 22.000000;
0, 303.730286 20.000000;
0, 303.730286 22.000000;
0, 303.935730 16.000000;
0, 303.985596 21.000000;
0, 304.204590 15.000000;
0, 304.325256 21.000000;
0, 304.356445 25.000000;
0, 304.356445 26.000000;
0, 304.356445 27.000000;
0, 304.586182 27.000000;
0, 304.631622 26.000000;
0, 304.833160 21.000000;
0, 304.861328 22.000000;
0, 305.000122 16.000000;
0, 305.142578 22.000000;
0, 305.339111 21.000000;
0, 305.466217 27.000000;
0, 305.507355 21.000000;
0, 305.691010 16.000000;
0, 305.885834 27.000000;
0, 305.885834 27.000000;
0, 306.030487 16.000000;
0, 306.122345 22.000000;
0, 306.365570 15.000000;
0, 306.365570 16.000000;
0, 306.365570 17.000000;
0, 306.493530 27.000000;
0, 306.512207 21.000000;
0, 306.678925 20.000000;
0, 306.678925 21.000000;
0, 306.678925 22.000000;
0, 306.885895 25.000000;
0, 306.885895 26.000000;
0, 306.885895 27.000000;
0, 306.913696 17.000000;
0, 307.116882 26.000000;
0, 307.269135 27.000000;
0, 307.342438 16.000000;
0, 307.448242 17.000000;
0, 307.579742 15.000000;
0, 307.710327 17.000000;
0, 307.828735 27.000000;
0, 307.968994 15.000000;
0, 307.968994 16.000000;
0, 307.968994 17.000000;
0, 308.192657 27.000000;
0, 308.228699 26.000000;
0, 308.350464 15.000000;
0, 308.498413 21.000000;
0, 308.607819 22.000000;
0, 308.744446 20.000000;
0, 308.744446 22.000000;
0, 308.969330 17.000000;
0, 309.017212 22.000000;
0, 309.153534 20.000000;
0, 309.153534 21.000000;
0, 309.153534 22.000000;
0, 309.289856 22.000000;
0, 309.426178 22.000000;
0, 309.644318 21.000000;
0, 309.689087 26.000000;
0, 309.890411 26.000000;
0, 309.923798 27.000000;
0, 310.147034 15.000000;
0, 310.147034 17.000000;
0, 310.283325 16.000000;
0, 310.419739 27.000000;
0, 310.485779 15.000000;
0, 310.625763 21.000000;
0, 310.826294 25.000000;
0, 310.952911 21.000000;
0, 311.036652 17.000000;
0, 311.144836 15.000000;
0, 311.306976 25.000000;
0, 311.470917 22.000000;
0, 311.639191 26.000000;
0, 311.770844 21.000000;
0, 311.885071 17.000000;
0, 311.934448 21.000000;
0, 312.098053 21.000000;
0, 312.295380 17.000000;
0, 312.386780 26.000000;
0, 312.577515 16.000000;
0, 312.709290 25.000000;
0, 312.785675 27.000000;
0, 312.916290 21.000000;
0, 313.079742 21.000000;
0, 313.285156 15.000000;
0, 313.285156 16.000000;
0, 313.285156 17.000000;
0, 313.406403 21.000000;
0, 313.482330 26.000000;
0, 313.662354 26.000000;
0, 313.732666 21.000000;
0, 313.969452 16.000000;
0, 314.065002 25.000000;
0, 314.198547 26.000000;
0, 314.376099 26.000000;
0, 314.508911 25.000000;
0, 314.633087 16.000000;
0, 314.777985 17.000000;
0, 314.905548 26.000000;
0, 315.008942 22.000000;
0, 315.136414 17.000000;
0, 315.280457 20.000000;
0, 315.280457 22.000000;
0, 315.416260 22.000000;
0, 315.524933 21.000000;
0, 315.699310 16.000000;
0, 315.894012 27.000000;
0, 316.038269 25.000000;
0, 316.038269 27.000000;
0, 316.182068 17.000000;
0, 316.267395 15.000000;
0, 316.504517 20.000000;
0, 316.504517 21.000000;
0, 316.504517 22.000000;
0, 316.504517 20.000000;
0, 316.504517 21.000000;
0, 316.504517 22.000000;
0, 316.690125 17.000000;
0, 316.898865 25.000000;
0, 316.898865 27.000000;
0, 317.024017 15.000000;
0, 317.024017 17.000000;
0, 317.160126 21.000000;
0, 317.324463 20.000000;
0, 317.324463 21.000000;
0, 317.324463 22.000000;
0, 317.489014 21.000000;
0, 317.530182 20.000000;
0, 317.681274 17.000000;
0, 317.837250 26.000000;
0, 318.011688 22.000000;
0, 318.176727 25.000000;
0, 318.176727 26.000000;
0, 318.176727 27.000000;
0, 318.315491 21.000000;
0, 318.388489 25.000000;
0, 318.515442 26.000000;
0, 318.703644 22.000000;
0, 318.881561 27.000000;
0, 319.054077 16.000000;
0, 319.190826 26.000000;
0, 319.273163 17.000000;
0, 319.485901 21.000000;
0, 319.612457 20.000000;
0, 319.695892 26.000000;
0, 319.823944 20.000000;
0, 319.823944 21.000000;
0, 319.823944 22.000000;
0, 320.047058 17.000000;
0, 320.200409 17.000000;
0, 320.367767 26.000000;
0, 320.505768 17.000000;
0, 320.677826 20.000000;
0, 320.677826 21.000000;
0, 320.677826 22.000000;
0, 320.718536 16.000000;
0, 320.893463 20.000000;
0, 321.036316 15.000000;
0, 321.255096 22.000000;
0, 321.400574 22.000000;
0, 321.487579 15.000000;
0, 321.707947 26.000000;
0, 321.839935 22.000000;
0, 321.987427 20.000000;
0, 321.987427 22.000000;
0, 322.159302 15.000000;
0, 322.159302 16.000000;
0, 322.159302 17.000000;
0, 322.237671 27.000000;
0, 322.381989 15.000000;
0, 322.544250 26.000000;
0, 322.751953 17.000000;
0, 322.884705 20.000000;
0, 322.884705 22.000000;
0, 323.046967 15.000000;
0, 323.046967 16.000000;
0, 323.046967 17.000000;
0, 323.158356 21.000000;
0, 323.352325 27.000000;
0, 323.495972 22.000000;
0, 323.650635 22.000000;
0, 323.770294 27.000000;
0, 323.909637 27.000000;
0, 324.119354 22.000000;
0, 324.279785 16.000000;
0, 324.367676 15.000000;
0, 324.367676 17.000000;
0, 324.595703 22.000000;
0, 324.756317 20.000000;
0, 324.756317 22.000000;
0, 324.917877 22.000000;
0, 325.047882 21.000000;
0, 325.220154 26.000000;
0, 325.387573 26.000000;
0, 325.513153 25.000000;
0, 325.722504 25.000000;
0, 325.722504 26.000000;
0, 325.722504 27.000000;
0, 325.860626 16.000000;
0, 326.001587 27.000000;
0, 326.078217 22.000000;
0, 326.248535 20.000000;
0, 326.248535 21.000000;
0, 326.248535 22.000000;
0, 326.420105 22.000000;
0, 326.559753 25.000000;
0, 326.559753 26.000000;
0, 326.559753 27.000000;
0, 326.782562 15.000000;
0, 326.894653 26.000000;
0, 327.062073 26.000000;
0, 327.265564 16.000000;
0, 327.477203 22.000000;
0, 327.587585 17.000000;
0, 327.733978 17.000000;
0, 327.840759 20.000000;
0, 327.840759 22.000000;
0, 328.024902 25.000000;
0, 328.173279 17.000000;
0, 328.401917 26.000000;
0, 328.570221 26.000000;
0, 328.739197 26.000000;
0, 328.846832 21.000000;
0, 329.074921 21.000000;
0, 329.151276 22.000000;
0, 329.342773 22.000000;
0, 329.552185 16.000000;
0, 329.727448 22.000000;
0, 329.905396 16.000000;
0, 330.087769 27.000000;
0, 330.229706 17.000000;
0, 330.401031 20.000000;
0, 330.497223 22.000000;
0, 330.672821 17.000000;
0, 330.820801 17.000000;
0, 330.978333 20.000000;
0, 331.151550 21.000000;
0, 331.324829 16.000000;
0, 331.503113 16.000000;
0, 331.726074 25.000000;
0, 331.726074 26.000000;
0, 331.726074 27.000000;
0, 331.843964 20.000000;
0, 331.843964 21.000000;
0, 331.843964 22.000000;
0, 332.031250 27.000000;
0, 332.184723 25.000000;
0, 332.184723 27.000000;
0, 332.420013 20.000000;
0, 332.420013 22.000000;
0, 332.532623 15.000000;
0, 332.764893 21.000000;
0, 332.937744 16.000000;
0, 333.118256 16.000000;
0, 333.280792 20.000000;
0, 333.401917 26.000000;
0, 333.661530 15.000000;
0, 333.661530 16.000000;
0, 333.661530 17.000000;
0, 333.751678 27.000000;
0, 333.975708 26.000000;
0, 334.168671 26.000000;
0, 334.268494 17.000000;
0, 334.417145 20.000000;
0, 334.726227 17.000000;
0, 334.801422 25.000000;
0, 335.047089 25.000000;
0, 335.047089 27.000000;
0, 335.145721 26.000000;
0, 335.340057 17.000000;
0, 335.494202 15.000000;
0, 335.494202 16.000000;
0, 335.494202 17.000000;
0, 335.708374 27.000000;
0, 335.875061 27.000000;
0, 336.129303 21.000000;
0, 336.237946 16.000000;
0, 336.378418 27.000000;
0, 336.610046 20.000000;
0, 336.873322 20.000000;
0, 336.873322 22.000000;
0, 337.047272 22.000000;
0, 337.208923 17.000000;
0, 337.391235 20.000000;
0, 337.391235 21.000000;
0, 337.391235 22.000000;
0, 337.571320 25.000000;
0, 337.571320 26.000000;
0, 337.571320 27.000000;
0, 337.729828 22.000000;
0, 337.897125 20.000000;
0, 337.897125 22.000000;
0, 338.090149 25.000000;
0, 338.090149 27.000000;
0, 338.264069 27.000000;
0, 338.552429 22.000000;
0, 338.640686 17.000000;
0, 338.898163 16.000000;
0, 339.034851 26.000000;
0, 339.317352 27.000000;
0, 339.480804 16.000000;
0, 339.672028 25.000000;
0, 339.672028 26.000000;
0, 339.672028 27.000000;
0, 339.871857 16.000000;
0, 340.019043 15.000000;
0, 340.265015 15.000000;
0, 340.265015 16.000000;
0, 340.265015 17.000000;
0, 340.390594 22.000000;
0, 340.566071 27.000000;
0, 340.759460 15.000000;
0, 340.759460 17.000000;
0, 340.964661 22.000000;
0, 341.257202 15.000000;
0, 341.257202 16.000000;
0, 341.257202 17.000000;
0, 341.423889 17.000000;
0, 341.615448 26.000000;
0, 341.758270 15.000000;
0, 341.758270 17.000000;
0, 341.930389 20.000000;
0, 341.930389 21.000000;
0, 341.930389 22.000000;
0, 342.131622 20.000000;
0, 342.431488 17.000000;
0, 342.568085 21.000000;
0, 342.854706 22.000000;
0, 343.035400 21.000000;
0, 343.155792 26.000000;
0, 343.451843 17.000000;
0, 343.623108 17.000000;
0, 343.794708 15.000000;
0, 343.794708 17.000000;
0, 344.052673 15.000000;
0, 344.268860 26.000000;
0, 344.392944 21.000000;
0, 344.604614 25.000000;
0, 344.604614 27.000000;
0, 344.830872 15.000000;
0, 344.830872 17.000000;
0, 345.004608 17.000000;
0, 345.343597 20.000000;
0, 345.343597 22.000000;
0, 345.524414 20.000000;
0, 345.728943 25.000000;
0, 345.728943 27.000000;
0, 345.877502 15.000000;
0, 345.877502 17.000000;
0, 346.140625 15.000000;
0, 346.278900 21.000000;
0, 346.576874 25.000000;
0, 346.746857 26.000000;
0, 347.015900 22.000000;
0, 347.238678 27.000000;
0, 347.463715 15.000000;
0, 347.463715 16.000000;
0, 347.463715 17.000000;
0, 347.667175 20.000000;
0, 347.889374 16.000000;
0, 348.111115 26.000000;
0, 348.339111 26.000000;
0, 348.567291 25.000000;
0, 348.567291 26.000000;
0, 348.567291 27.000000;
0, 348.730774 20.000000;
0, 348.947876 27.000000;
0, 349.171051 16.000000;
0, 349.420929 17.000000;
0, 349.616486 20.000000;
0, 349.616486 22.000000;
0, 349.938965 26.000000;
0, 350.147888 20.000000;
0, 350.325043 20.000000;
0, 350.325043 22.000000;
0, 350.561188 22.000000;
0, 350.855438 25.000000;
0, 350.855438 26.000000;
0, 350.855438 27.000000;
0, 351.033569 20.000000;
0, 351.033569 22.000000;
0, 351.269745 22.000000;
0, 351.529572 21.000000;
0, 351.742126 20.000000;
0, 351.742126 22.000000;
0, 351.977997 22.000000;
0, 352.281830 15.000000;
0, 352.281830 17.000000;
0, 352.460602 17.000000;
0, 352.683746 22.000000;
0, 352.958618 27.000000;
0, 353.270203 22.000000;
0, 353.436829 25.000000;
0, 353.711029 17.000000;
0, 353.926086 21.000000;
0, 354.297424 25.000000;
0, 354.297424 26.000000;
0, 354.297424 27.000000;
0, 354.441528 22.000000;
0, 354.756317 26.000000;
0, 355.028290 22.000000;
0, 355.263550 20.000000;
0, 355.263550 22.000000;
0, 355.475677 21.000000;
0, 355.735535 22.000000;
0, 356.043671 21.000000;
0, 356.248322 16.000000;
0, 356.508484 20.000000;
0, 356.837097 15.000000;
0, 357.047974 26.000000;
0, 357.369415 15.000000;
0, 357.598114 20.000000;
0, 357.924774 27.000000;
0, 358.191437 26.000000;
0, 358.406586 22.000000;
0, 358.685760 21.000000;
0, 358.972870 16.000000;
0, 359.333038 26.000000;
0, 359.571747 22.000000;
0, 359.826569 17.000000;
0, 360.208008 27.000000;
0, 360.383911 15.000000;
0, 360.673981 22.000000;
0, 360.930786 26.000000;
0, 361.258484 22.000000;
0, 361.625397 16.000000;
0, 361.919891 27.000000;
0, 362.157990 16.000000;
0, 362.456543 21.000000;
0, 362.865906 20.000000;
0, 362.865906 21.000000;
0, 362.865906 22.000000;
0, 363.061157 27.000000;
0, 363.441498 25.000000;
0, 363.441498 26.000000;
0, 363.441498 27.000000;
0, 363.744476 21.000000;
0, 363.978851 20.000000;
0, 363.978851 21.000000;
0, 363.978851 22.000000;
0, 364.322479 15.000000;
0, 364.724274 21.000000;
0, 365.017822 16.000000;
0, 365.270172 26.000000;
0, 365.610138 20.000000;
0, 365.985352 16.000000;
0, 366.278534 17.000000;
0, 366.672638 27.000000;
0, 367.013000 21.000000;
0, 367.338470 15.000000;
0, 367.338470 17.000000;
0, 367.712372 22.000000;
0, 367.961761 25.000000;
0, 367.961761 26.000000;
0, 367.961761 27.000000;
0, 368.327881 15.000000;
0, 368.683960 16.000000;
0, 369.119629 15.000000;
0, 369.450104 17.000000;
0, 369.835907 26.000000;
0, 370.112823 15.000000;
0, 370.112823 16.000000;
0, 370.112823 17.000000;
0, 370.511871 15.000000;
0, 370.511871 17.000000;
0, 370.845093 27.000000;
0, 371.323761 22.000000;
0, 371.637665 21.000000;
0, 372.034363 16.000000;
0, 372.515289 15.000000;
0, 372.515289 16.000000;
0, 372.515289 17.000000;
0, 372.832275 25.000000;
0, 372.832275 26.000000;
0, 372.832275 27.000000;
0, 373.329437 15.000000;
0, 373.329437 16.000000;
0, 373.329437 17.000000;
0, 373.706055 25.000000;
0, 373.706055 26.000000;
0, 373.706055 27.000000;
0, 374.046082 22.000000;
0, 374.474854 17.000000;
0, 374.896393 16.000000;
0, 375.402863 25.000000;
0, 375.402863 26.000000;
0, 375.402863 27.000000;
0, 375.843567 16.000000;
0, 376.212585 22.000000;
0, 376.651733 16.000000;
0, 377.074799 15.000000;
0, 377.074799 16.000000;
0, 377.074799 17.000000;
0, 377.622986 15.000000;
0, 377.622986 17.000000;
0, 378.042267 26.000000;
0, 378.561584 27.000000;
0, 378.994812 17.000000;
0, 379.435059 21.000000;
0, 380.063202 15.000000;
0, 380.063202 17.000000;
0, 380.477142 27.000000;
0, 380.999878 26.000000;
0, 381.590027 21.000000;
0, 381.999756 25.000000;
0, 381.999756 26.000000;
0, 381.999756 27.000000;
0, 382.658661 20.000000;
0, 383.132935 27.000000;
0, 383.710785 25.000000;
0, 383.710785 26.000000;
0, 383.710785 27.000000;
0, 384.268402 22.000000;
0, 384.894257 27.000000;
0, 385.475159 15.000000;
0, 385.475159 16.000000;
0, 385.475159 17.000000;
0, 386.168488 22.000000;
0, 386.818054 26.000000;
0, 387.303741 22.000000;
0, 388.034576 21.000000;
0, 388.779724 16.000000;
0, 389.395142 21.000000;
0, 390.119141 15.000000;
0, 390.119141 17.000000;
0, 390.922760 26.000000;
0, 391.583038 25.000000;
0, 391.583038 26.000000;
0, 391.583038 27.000000;
0, 392.377472 17.000000;
0, 393.161285 26.000000;
0, 394.106476 20.000000;
0, 394.106476 22.000000;
0, 394.874023 22.000000;
0, 395.768585 20.000000;
0, 396.718658 22.000000;
0, 397.815613 22.000000;
0, 398.772858 26.000000;
0, 399.715485 21.000000;
0, 400.967560 22.000000;
0, 402.128632 15.000000;
0, 403.386810 16.000000;
0, 404.658569 25.000000;
0, 406.066284 25.000000;
0, 406.066284 27.000000;
0, 407.478729 15.000000;
0, 407.478729 17.000000;
0, 408.926697 25.000000;
0, 410.657654 22.000000;
0, 412.404663 17.000000;
0, 414.122772 21.000000;
0, 416.005341 27.000000;
0, 417.962952 20.000000;
0, 420.123444 22.000000;
