1, 0.;
2, 1.;
3, 2.;
4, 3.;
5, 4.;
6, 5.;
7, 6.;
8, 7.;
9, 8.;
10, 9.;
11, 10.;
12, 11.;
13, 12.;
14, 13.;
15, 14.;
16, 15.;
17, 16.;
18, 17.;
19, 18.;
20, 19.;
21, 20.;
22, 21.;
23, 22.;
24, 23.;
25, 24.;
26, 25.;
27, 26.;
28, 27.;
29, 28.;
30, 29.;
31, 30.;
32, 31.;
33, 32.;
34, 33.;
35, 34.;
36, 35.;
37, 36.;
38, 37.;
39, 38.;
40, 39.;
41, 40.;
42, 41.;
43, 42.;
44, 43.;
45, 44.;
46, 45.;
47, 46.;
48, 47.;
49, 48.;
50, 49.;
51, 50.;
52, 51.;
53, 52.;
54, 53.;
55, 54.;
56, 55.;
57, 56.;
58, 57.;
59, 58.;
60, 59.;
61, 60.;
62, 61.006077;
63, 62.022652;
64, 63.0434;
65, 64.069504;
66, 65.103058;
67, 66.146324;
68, 67.201744;
69, 68.272018;
70, 69.360229;
71, 70.469978;
72, 71.605446;
73, 72.771454;
74, 73.962173;
75, 75.163155;
76, 76.358368;
77, 77.534355;
78, 78.700134;
79, 79.867645;
80, 81.050888;
81, 82.266754;
82, 83.536255;
83, 84.885826;
84, 86.347527;
85, 87.952881;
86, 89.670502;
87, 91.396942;
88, 93.073128;
89, 94.640182;
90, 96.078094;
91, 97.397781;
92, 98.62159;
93, 99.77227;
94, 100.869301;
95, 101.928528;
96, 102.962631;
97, 103.981674;
98, 104.993309;
99, 106.002449;
100, 107.010803;
101, 108.019119;
102, 109.027458;
103, 110.03624;
104, 111.049049;
105, 112.067848;
106, 113.094467;
107, 114.13179;
108, 115.183807;
109, 116.255806;
110, 117.354172;
111, 118.486397;
112, 119.660881;
113, 120.88633;
114, 122.170631;
115, 123.518982;
116, 124.931137;
117, 126.398933;
118, 127.906281;
119, 129.432953;
120, 130.9608;
121, 132.482834;
122, 134.005035;
123, 135.508408;
124, 136.923965;
125, 138.23143;
126, 139.435379;
127, 140.55098;
128, 141.594666;
129, 142.58075;
130, 143.520676;
131, 144.423553;
132, 145.2966;
133, 146.145584;
134, 146.975098;
135, 147.78894;
136, 148.590118;
137, 149.381134;
138, 150.163986;
139, 150.940323;
140, 151.71138;
141, 152.478134;
142, 153.241318;
143, 154.001343;
144, 154.75853;
145, 155.514359;
146, 156.270111;
147, 157.025848;
148, 157.781754;
149, 158.538528;
150, 159.297104;
151, 160.059372;
152, 160.827286;
153, 161.601593;
154, 162.382965;
155, 163.172134;
156, 163.969727;
157, 164.776398;
158, 165.592728;
159, 166.41925;
160, 167.256485;
161, 168.104828;
162, 168.9646;
163, 169.835938;
164, 170.718918;
165, 171.613327;
166, 172.518814;
167, 173.434738;
168, 174.360199;
169, 175.29393;
170, 176.23436;
171, 177.179611;
172, 178.127869;
173, 179.080093;
174, 180.03479;
175, 180.989914;
176, 181.944809;
177, 182.899063;
178, 183.852478;
179, 184.804428;
180, 185.754288;
181, 186.701477;
182, 187.645554;
183, 188.586166;
184, 189.523041;
185, 190.45607;
186, 191.385284;
187, 192.310776;
188, 193.232697;
189, 194.151337;
190, 195.067001;
191, 195.980042;
192, 196.890793;
193, 197.799591;
194, 198.706802;
195, 199.612747;
196, 200.517685;
197, 201.421829;
198, 202.325378;
199, 203.228531;
200, 204.131607;
201, 205.034668;
202, 205.937759;
203, 206.840927;
204, 207.744537;
205, 208.649155;
206, 209.555435;
207, 210.46402;
208, 211.376419;
209, 212.294556;
210, 213.220566;
211, 214.156876;
212, 215.106216;
213, 216.07164;
214, 217.056534;
215, 218.064743;
216, 219.100525;
217, 220.16861;
218, 221.274399;
219, 222.423737;
220, 223.623062;
221, 224.879227;
222, 226.199142;
223, 227.589157;
224, 229.054214;
225, 230.596344;
226, 232.213318;
227, 233.897568;
228, 235.636642;
229, 237.41539;
230, 239.219574;
231, 241.034088;
232, 242.849945;
233, 244.648819;
234, 246.365585;
235, 247.968979;
236, 249.449722;
237, 250.818298;
238, 252.091293;
239, 253.285141;
240, 254.414017;
241, 255.489685;
242, 256.521759;
243, 257.518188;
244, 258.485443;
245, 259.428955;
246, 260.353302;
247, 261.262299;
248, 262.159271;
249, 263.046936;
250, 263.928101;
251, 264.806915;
252, 265.684998;
253, 266.563049;
254, 267.441193;
255, 268.319763;
256, 269.199493;
257, 270.082245;
258, 270.968903;
259, 271.860321;
260, 272.757538;
261, 273.66153;
262, 274.573395;
263, 275.494202;
264, 276.424957;
265, 277.366638;
266, 278.320099;
267, 279.286072;
268, 280.265015;
269, 281.257202;
270, 282.262634;
271, 283.280945;
272, 284.311371;
273, 285.352966;
274, 286.404297;
275, 287.463715;
276, 288.529419;
277, 289.599487;
278, 290.672028;
279, 291.745361;
280, 292.817963;
281, 293.889709;
282, 294.961761;
283, 296.033905;
284, 297.103729;
285, 298.156921;
286, 299.172668;
287, 300.146698;
288, 301.081482;
289, 301.981659;
290, 302.8526;
291, 303.699738;
292, 304.528015;
293, 305.341919;
294, 306.145386;
295, 306.941895;
296, 307.734436;
297, 308.525696;
298, 309.317841;
299, 310.112823;
300, 310.91217;
301, 311.713776;
302, 312.515289;
303, 313.329468;
304, 314.180786;
305, 315.08078;
306, 316.041107;
307, 317.074799;
308, 318.194275;
309, 319.412781;
310, 320.743073;
311, 322.195496;
312, 323.774597;
313, 325.475159;
314, 327.279755;
315, 329.160431;
316, 331.084869;
317, 333.023956;
318, 334.956207;
319, 336.870483;
320, 338.780365;
321, 340.690308;
322, 342.61142;
323, 344.555206;
324, 346.50705;
325, 348.442352;
326, 350.325989;
327, 352.117645;
328, 353.78244;
329, 355.300171;
330, 356.667542;
331, 357.893921;
332, 358.99823;
333, 360.;
334, 360.957245;
335, 361.914886;
336, 362.873596;
337, 363.833954;
338, 364.796722;
339, 365.762634;
340, 366.732391;
341, 367.706818;
342, 368.686737;
343, 369.673004;
344, 370.666656;
345, 371.66864;
346, 372.680054;
347, 373.702026;
348, 374.73584;
349, 375.782776;
350, 376.84433;
351, 377.922058;
352, 379.017731;
353, 380.133301;
354, 381.270874;
355, 382.432953;
356, 383.622192;
357, 384.841766;
358, 386.095276;
359, 387.38681;
360, 388.721283;
361, 390.104401;
362, 391.54303;
363, 393.045441;
364, 394.621796;
365, 396.284729;
366, 398.05011;
367, 399.938538;
368, 401.976715;
369, 404.200287;
370, 406.656952;
371, 409.409454;
372, 412.533234;
373, 416.086517;
374, 420.;
