1, 0.;
2, 1.;
3, 2.;
4, 3.;
5, 4.;
6, 5.;
7, 6.;
8, 7.;
9, 8.;
10, 9.;
11, 10.;
12, 11.;
13, 12.;
14, 13.;
15, 14.;
16, 15.;
17, 16.;
18, 17.;
19, 18.;
20, 19.;
21, 20.;
22, 21.;
23, 22.;
24, 23.;
25, 24.;
26, 25.;
27, 26.;
28, 27.;
29, 28.;
30, 29.;
31, 30.;
32, 31.;
33, 32.;
34, 33.;
35, 34.;
36, 35.;
37, 36.;
38, 37.;
39, 38.;
40, 39.;
41, 40.;
42, 41.;
43, 42.;
44, 43.;
45, 44.;
46, 45.;
47, 46.;
48, 47.;
49, 48.;
50, 49.;
51, 50.;
52, 51.;
53, 52.;
54, 53.;
55, 54.;
56, 55.;
57, 56.;
58, 57.;
59, 58.;
60, 59.;
61, 60.;
62, 60.994263;
63, 61.977257;
64, 62.949387;
65, 63.910385;
66, 64.858437;
67, 65.79406;
68, 66.717911;
69, 67.630638;
70, 68.532814;
71, 69.424965;
72, 70.307594;
73, 71.18116;
74, 72.046097;
75, 72.902809;
76, 73.751678;
77, 74.593063;
78, 75.427254;
79, 76.254578;
80, 77.075348;
81, 77.889839;
82, 78.698296;
83, 79.500999;
84, 80.298119;
85, 81.089958;
86, 81.876663;
87, 82.658455;
88, 83.435555;
89, 84.208115;
90, 84.976326;
91, 85.740341;
92, 86.500343;
93, 87.256462;
94, 88.008865;
95, 88.757668;
96, 89.503036;
97, 90.244873;
98, 90.982178;
99, 91.714851;
100, 92.442993;
101, 93.166672;
102, 93.888184;
103, 94.609863;
104, 95.33213;
105, 96.055603;
106, 96.781021;
107, 97.509323;
108, 98.241928;
109, 98.980179;
110, 99.725258;
111, 100.478477;
112, 101.241249;
113, 102.015038;
114, 102.801476;
115, 103.602219;
116, 104.419113;
117, 105.254105;
118, 106.10923;
119, 106.98671;
120, 107.888779;
121, 108.817871;
122, 109.776398;
123, 110.766777;
124, 111.791428;
125, 112.852425;
126, 113.951584;
127, 115.090134;
128, 116.268547;
129, 117.486259;
130, 118.741539;
131, 120.031448;
132, 121.351814;
133, 122.697525;
134, 124.062973;
135, 125.44236;
136, 126.830452;
137, 128.222656;
138, 129.615417;
139, 131.006195;
140, 132.395737;
141, 133.785507;
142, 135.175339;
143, 136.558929;
144, 137.905533;
145, 139.192291;
146, 140.411407;
147, 141.565308;
148, 142.661331;
149, 143.708023;
150, 144.713577;
151, 145.685287;
152, 146.629349;
153, 147.551071;
154, 148.45488;
155, 149.344482;
156, 150.223038;
157, 151.093124;
158, 151.956863;
159, 152.815979;
160, 153.671799;
161, 154.525299;
162, 155.377228;
163, 156.228165;
164, 157.078888;
165, 157.929611;
166, 158.780365;
167, 159.631516;
168, 160.483902;
169, 161.338882;
170, 162.20018;
171, 163.072601;
172, 163.96225;
173, 164.876663;
174, 165.825348;
175, 166.820312;
176, 167.877182;
177, 169.01619;
178, 170.263351;
179, 171.649155;
180, 173.198975;
181, 174.90596;
182, 176.696014;
183, 178.494675;
184, 180.28093;
185, 182.012634;
186, 183.655167;
187, 185.179123;
188, 186.57254;
189, 187.840881;
190, 188.999146;
191, 190.06488;
192, 191.054565;
193, 191.982422;
194, 192.860291;
195, 193.697937;
196, 194.503418;
197, 195.283508;
198, 196.0439;
199, 196.789459;
200, 197.524384;
201, 198.252289;
202, 198.976151;
203, 199.697006;
204, 200.416367;
205, 201.135315;
206, 201.854263;
207, 202.573181;
208, 203.292114;
209, 204.011063;
210, 204.73027;
211, 205.450424;
212, 206.17157;
213, 206.893692;
214, 207.616867;
215, 208.341141;
216, 209.066605;
217, 209.793396;
218, 210.521683;
219, 211.251648;
220, 211.983582;
221, 212.717682;
222, 213.45433;
223, 214.193832;
224, 214.9366;
225, 215.683014;
226, 216.433578;
227, 217.188751;
228, 217.949051;
229, 218.714966;
230, 219.48703;
231, 220.265808;
232, 221.051743;
233, 221.845322;
234, 222.646988;
235, 223.457001;
236, 224.275604;
237, 225.102768;
238, 225.938339;
239, 226.781876;
240, 227.63266;
241, 228.489594;
242, 229.351593;
243, 230.218277;
244, 231.08812;
245, 231.95929;
246, 232.830627;
247, 233.70166;
248, 234.574066;
249, 235.450821;
250, 236.330383;
251, 237.21109;
252, 238.091354;
253, 238.969849;
254, 239.845367;
255, 240.717072;
256, 241.58429;
257, 242.446594;
258, 243.303726;
259, 244.155548;
260, 245.002014;
261, 245.843155;
262, 246.678909;
263, 247.509277;
264, 248.334122;
265, 249.153534;
266, 249.971451;
267, 250.789337;
268, 251.607254;
269, 252.425354;
270, 253.243134;
271, 254.058731;
272, 254.873215;
273, 255.687988;
274, 256.504517;
275, 257.324463;
276, 258.149658;
277, 258.982056;
278, 259.823975;
279, 260.677826;
280, 261.546509;
281, 262.433319;
282, 263.342072;
283, 264.277252;
284, 265.244049;
285, 266.248535;
286, 267.297546;
287, 268.395416;
288, 269.534973;
289, 270.689697;
290, 271.843994;
291, 272.994446;
292, 274.134735;
293, 275.255157;
294, 276.344025;
295, 277.391235;
296, 278.390686;
297, 279.340881;
298, 280.244263;
299, 281.105499;
300, 281.930389;
301, 282.724823;
302, 283.494568;
303, 284.244843;
304, 284.980194;
305, 285.704742;
306, 286.421906;
307, 287.13443;
308, 287.844543;
309, 288.553619;
310, 289.262207;
311, 289.970734;
312, 290.67926;
313, 291.387817;
314, 292.095795;
315, 292.801117;
316, 293.504486;
317, 294.207153;
318, 294.910767;
319, 295.61731;
320, 296.329285;
321, 297.049805;
322, 297.782745;
323, 298.533051;
324, 299.307068;
325, 300.11319;
326, 300.962891;
327, 301.872498;
328, 302.865875;
329, 303.978821;
330, 305.260132;
331, 306.713043;
332, 308.210693;
333, 309.685181;
334, 311.096558;
335, 312.421783;
336, 313.654816;
337, 314.800995;
338, 315.87085;
339, 316.87616;
340, 317.827789;
341, 318.735321;
342, 319.606812;
343, 320.449127;
344, 321.267944;
345, 322.068176;
346, 322.853973;
347, 323.628815;
348, 324.395782;
349, 325.157471;
350, 325.916016;
351, 326.673187;
352, 327.429779;
353, 328.18576;
354, 328.941589;
355, 329.697815;
356, 330.457916;
357, 331.225189;
358, 332.007843;
359, 332.817108;
360, 333.664673;
361, 334.562042;
362, 335.519165;
363, 336.541779;
364, 337.628754;
365, 338.770874;
366, 339.95517;
367, 341.172516;
368, 342.403137;
369, 343.633728;
370, 344.863983;
371, 346.091278;
372, 347.289459;
373, 348.430847;
374, 349.500427;
375, 350.497894;
376, 351.431671;
377, 352.313324;
378, 353.154053;
379, 353.963776;
380, 354.750702;
381, 355.52121;
382, 356.280334;
383, 357.031586;
384, 357.777222;
385, 358.518799;
386, 359.25943;
387, 360.;
388, 360.740631;
389, 361.481384;
390, 362.222473;
391, 362.964142;
392, 363.706573;
393, 364.450043;
394, 365.194855;
395, 365.941193;
396, 366.689545;
397, 367.440247;
398, 368.193665;
399, 368.950073;
400, 369.709839;
401, 370.473297;
402, 371.240814;
403, 372.012787;
404, 372.789642;
405, 373.571747;
406, 374.359589;
407, 375.153687;
408, 375.954468;
409, 376.762543;
410, 377.578491;
411, 378.402893;
412, 379.236481;
413, 380.079956;
414, 380.934113;
415, 381.799805;
416, 382.678009;
417, 383.569733;
418, 384.476135;
419, 385.398438;
420, 386.338104;
421, 387.296722;
422, 388.276031;
423, 389.278107;
424, 390.305176;
425, 391.359924;
426, 392.445465;
427, 393.565369;
428, 394.723877;
429, 395.926086;
430, 397.178131;
431, 398.48764;
432, 399.864014;
433, 401.319336;
434, 402.869324;
435, 404.534973;
436, 406.345398;
437, 408.342255;
438, 410.587799;
439, 413.178284;
440, 416.264008;
441, 420.;
