1, 14 0.000000;
2, 15 0.000000;
3, 16 0.000000;
4, 17 0.000000;
5, 24 0.000000;
6, 25 0.000000;
7, 26 0.000000;
8, 27 0.000000;
9, 34 0.000000;
10, 35 0.000000;
11, 36 0.000000;
12, 37 0.000000;
8, 27 126.164684;
8, 27 250.706343;
4, 17 376.525102;
8, 27 495.177016;
8, 27 615.229347;
8, 27 733.905253;
5, 24 851.261450;
6, 25 851.261450;
7, 26 851.261450;
8, 27 851.261450;
3, 16 1005.437905;
3, 16 1144.281923;
9, 34 1225.968648;
11, 36 1225.968648;
2, 15 1364.166302;
7, 26 1512.270267;
9, 34 1598.308716;
10, 35 1598.308716;
11, 36 1598.308716;
12, 37 1598.308716;
10, 35 1743.625660;
1, 14 1889.173481;
12, 37 2008.882526;
7, 26 2139.734565;
7, 26 2261.922831;
4, 17 2366.747906;
12, 37 2505.473707;
2, 15 2631.478939;
11, 36 2764.904917;
1, 14 2860.403123;
3, 16 2860.403123;
9, 34 2989.754061;
10, 35 2989.754061;
11, 36 2989.754061;
12, 37 2989.754061;
4, 17 3129.829344;
1, 14 3236.702735;
2, 15 3236.702735;
3, 16 3236.702735;
4, 17 3236.702735;
6, 25 3370.189755;
9, 34 3491.337402;
1, 14 3606.975924;
3, 16 3606.975924;
4, 17 3763.961747;
11, 36 3880.466398;
9, 34 3991.936587;
11, 36 3991.936587;
2, 15 4116.308388;
8, 27 4262.325795;
8, 27 4358.126198;
1, 14 4509.930484;
12, 37 4619.550889;
10, 35 4737.253817;
1, 14 4863.350058;
4, 17 4988.642688;
11, 36 5132.345990;
2, 15 5247.811390;
1, 14 5386.606752;
2, 15 5386.606752;
3, 16 5386.606752;
4, 17 5386.606752;
8, 27 5502.591643;
12, 37 5630.196960;
1, 14 5731.482720;
3, 16 5731.482720;
8, 27 5885.865200;
7, 26 6014.268304;
9, 34 6115.936502;
11, 36 6115.936502;
1, 14 6243.854174;
8, 27 6369.666406;
2, 15 6481.243503;
2, 15 6616.473956;
1, 14 6751.427193;
2, 15 6751.427193;
3, 16 6751.427193;
4, 17 6751.427193;
6, 25 6881.328002;
5, 24 6986.007126;
4, 17 7135.681066;
1, 14 7255.416050;
8, 27 7364.420251;
5, 24 7518.023523;
7, 26 7518.023523;
7, 26 7638.480065;
1, 14 7756.986048;
3, 16 7756.986048;
5, 24 7882.210008;
6, 25 7882.210008;
7, 26 7882.210008;
8, 27 7882.210008;
7, 26 8005.593640;
9, 34 8106.726998;
1, 14 8257.269809;
9, 34 8369.457939;
10, 35 8369.457939;
11, 36 8369.457939;
12, 37 8369.457939;
7, 26 8510.641471;
5, 24 8640.103913;
6, 25 8640.103913;
7, 26 8640.103913;
8, 27 8640.103913;
1, 14 8757.382698;
2, 15 8757.382698;
3, 16 8757.382698;
4, 17 8757.382698;
8, 27 8865.380884;
3, 16 8979.891075;
6, 25 9118.456883;
5, 24 9241.341662;
4, 17 9330.159356;
9, 34 9531.790803;
10, 35 9531.790803;
11, 36 9531.790803;
12, 37 9531.790803;
4, 17 9617.533736;
1, 14 9761.560738;
3, 16 9761.560738;
5, 24 9878.717625;
7, 26 9878.717625;
3, 16 9986.134991;
5, 24 10100.675850;
1, 14 10267.905072;
4, 17 10389.068566;
2, 15 10505.636350;
7, 26 10639.974814;
1, 14 10778.668114;
2, 15 10778.668114;
3, 16 10778.668114;
4, 17 10778.668114;
8, 27 10869.561030;
8, 27 11010.165998;
7, 26 11129.036744;
4, 17 11270.367641;
10, 35 11367.614606;
6, 25 11505.323683;
2, 15 11608.249791;
8, 27 11748.028004;
4, 17 11868.833302;
7, 26 12007.798236;
5, 24 12100.433299;
8, 27 12220.860048;
10, 35 12367.924144;
11, 36 12524.141622;
12, 37 12633.729304;
3, 16 12771.017328;
1, 14 12892.395517;
2, 15 12892.395517;
3, 16 12892.395517;
4, 17 12892.395517;
9, 34 12991.375745;
12, 37 13106.488378;
1, 14 13260.080852;
3, 16 13260.080852;
7, 26 13386.458063;
9, 34 13511.966786;
5, 24 13597.040237;
6, 25 13597.040237;
7, 26 13597.040237;
8, 27 13597.040237;
4, 17 13741.362608;
6, 25 13853.505099;
1, 14 14013.317846;
3, 16 14013.317846;
3, 16 14141.434419;
2, 15 14244.502502;
11, 36 14369.864390;
11, 36 14514.712655;
6, 25 14641.524084;
4, 17 14737.687443;
9, 34 14864.546434;
4, 17 14966.104451;
8, 27 15098.275838;
9, 34 15264.344144;
2, 15 15361.034779;
8, 27 15478.345358;
1, 14 15609.403118;
3, 16 15609.403118;
12, 37 15726.134408;
3, 16 15889.616481;
9, 34 16013.859026;
12, 37 16142.253599;
12, 37 16244.014161;
9, 34 16370.119489;
4, 17 16527.334683;
12, 37 16643.785655;
3, 16 16759.786037;
5, 24 16856.217868;
7, 26 16856.217868;
6, 25 16978.777422;
8, 27 17117.322006;
9, 34 17227.424334;
10, 35 17227.424334;
11, 36 17227.424334;
12, 37 17227.424334;
10, 35 17361.788201;
12, 37 17514.826039;
10, 35 17629.340722;
10, 35 17762.763341;
1, 14 17839.515802;
2, 15 17839.515802;
3, 16 17839.515802;
4, 17 17839.515802;
11, 36 18007.241553;
6, 25 18133.684017;
8, 27 18257.435738;
7, 26 18384.605930;
12, 37 18469.367924;
3, 16 18660.598405;
9, 34 18734.831382;
8, 27 18852.274263;
8, 27 18995.063079;
11, 36 19134.843754;
2, 15 19245.699401;
7, 26 19387.772548;
3, 16 19529.054557;
9, 34 19604.459525;
11, 36 19604.459525;
4, 17 19734.700193;
1, 14 19890.741386;
2, 15 19890.741386;
3, 16 19890.741386;
4, 17 19890.741386;
9, 34 19968.697942;
10, 35 19968.697942;
11, 36 19968.697942;
12, 37 19968.697942;
2, 15 20111.834047;
6, 25 20263.073794;
12, 37 20401.650848;
11, 36 20475.865602;
3, 16 20639.838313;
1, 14 20735.924411;
4, 17 20860.266573;
11, 36 21015.304364;
8, 27 21139.233060;
10, 35 21242.363138;
7, 26 21383.033243;
7, 26 21512.270309;
5, 24 21640.171326;
7, 26 21640.171326;
2, 15 21746.941997;
12, 37 21863.044263;
2, 15 21992.797504;
7, 26 22139.734605;
7, 26 22261.922871;
5, 24 22383.145051;
7, 26 22383.145051;
2, 15 22492.994424;
8, 27 22639.901325;
11, 36 22758.095886;
6, 25 22882.909153;
10, 35 23017.115838;
8, 27 23142.807998;
8, 27 23241.940305;
8, 27 23340.653591;
1, 14 23522.974928;
2, 15 23522.974928;
3, 16 23522.974928;
4, 17 23522.974928;
5, 24 23610.166052;
8, 27 23731.831324;
4, 17 23898.360164;
6, 25 23983.479344;
11, 36 24150.191684;
10, 35 24236.383662;
6, 25 24386.837067;
10, 35 24497.923448;
5, 24 24620.895030;
5, 24 24787.747252;
6, 25 24787.747252;
7, 26 24787.747252;
8, 27 24787.747252;
7, 26 24898.893769;
8, 27 24978.263152;
2, 15 25113.436608;
8, 27 25264.052488;
9, 34 25361.783222;
11, 36 25471.972479;
4, 17 25608.018934;
3, 16 25734.498403;
7, 26 25901.894955;
9, 34 26012.700719;
11, 36 26118.140346;
6, 25 26262.651497;
3, 16 26394.357504;
1, 14 26503.450312;
8, 27 26614.366223;
11, 36 26726.572545;
12, 37 26837.409101;
8, 27 27011.007687;
11, 36 27107.224221;
3, 16 27257.528867;
7, 26 27398.435762;
1, 14 27469.416933;
2, 15 27469.416933;
3, 16 27469.416933;
4, 17 27469.416933;
12, 37 27616.519840;
12, 37 27761.854623;
5, 24 27882.210048;
7, 26 27882.210048;
4, 17 28005.856689;
11, 36 28134.102088;
10, 35 28259.495997;
8, 27 28364.330107;
7, 26 28510.641514;
5, 24 28640.103956;
7, 26 28640.103956;
7, 26 28770.984950;
4, 17 28870.296837;
11, 36 29022.254657;
8, 27 29153.423545;
8, 27 29270.809958;
6, 25 29365.667340;
8, 27 29509.601797;
8, 27 29631.122659;
12, 37 29743.019116;
5, 24 29878.717673;
6, 25 29878.717673;
7, 26 29878.717673;
8, 27 29878.717673;
4, 17 30013.978196;
8, 27 30132.811103;
8, 27 30262.461995;
10, 35 30356.237151;
2, 15 30510.952594;
7, 26 30639.974866;
2, 15 30723.442680;
11, 36 30896.577395;
11, 36 31011.536145;
7, 26 31129.036799;
12, 37 31271.752604;
8, 27 31371.588594;
8, 27 31520.305496;
3, 16 31611.231896;
2, 15 31743.277218;
12, 37 31848.277090;
7, 26 32007.798296;
9, 34 32134.198905;
10, 35 32134.198905;
11, 36 32134.198905;
12, 37 32134.198905;
3, 16 32260.164745;
11, 36 32356.498822;
2, 15 32512.133885;
8, 27 32633.130178;
6, 25 32734.556043;
12, 37 32899.565881;
4, 17 33012.621174;
4, 17 33141.690670;
11, 36 33256.279340;
7, 26 33386.458132;
9, 34 33486.720856;
10, 35 33486.720856;
11, 36 33486.720856;
12, 37 33486.720856;
3, 16 33626.941453;
1, 14 33771.770963;
2, 15 33771.770963;
3, 16 33771.770963;
4, 17 33771.770963;
12, 37 33890.173865;
1, 14 33986.650389;
4, 17 34138.456726;
4, 17 34258.927265;
9, 34 34387.597708;
4, 17 34497.359934;
12, 37 34632.118071;
12, 37 34742.965898;
12, 37 34855.272689;
1, 14 35022.348185;
3, 16 35022.348185;
10, 35 35131.322800;
5, 24 35241.027617;
8, 27 35383.539661;
4, 17 35532.851268;
10, 35 35640.208104;
8, 27 35761.353033;
2, 15 35887.949622;
1, 14 36003.138010;
8, 27 36134.032459;
12, 37 36216.886108;
10, 35 36383.378907;
12, 37 36496.812775;
11, 36 36617.139075;
4, 17 36729.428506;
4, 17 36835.098027;
8, 27 37030.924155;
11, 36 37148.345221;
12, 37 37254.515295;
2, 15 37377.479382;
2, 15 37521.615218;
7, 26 37649.222711;
5, 24 37744.285814;
8, 27 37865.175256;
5, 24 38024.040691;
6, 25 38024.040691;
7, 26 38024.040691;
8, 27 38024.040691;
3, 16 38138.051674;
6, 25 38242.056773;
7, 26 38384.605988;
3, 16 38488.326041;
3, 16 38604.312851;
4, 17 38769.388373;
6, 25 38866.655546;
12, 37 39029.478481;
3, 16 39179.155469;
4, 17 39260.650834;
4, 17 39358.260281;
3, 16 39520.517112;
6, 25 39637.531905;
1, 14 39746.850537;
2, 15 39746.850537;
3, 16 39746.850537;
4, 17 39746.850537;
2, 15 39882.228161;
10, 35 40013.535023;
4, 17 40132.895264;
1, 14 40253.096682;
6, 25 40349.214659;
4, 17 40516.925842;
4, 17 40612.679470;
8, 27 40733.905343;
3, 16 40867.624954;
10, 35 41006.701455;
7, 26 41120.264601;
1, 14 41257.168282;
7, 26 41383.033286;
2, 15 41490.595646;
5, 24 41640.171368;
6, 25 41640.171368;
7, 26 41640.171368;
8, 27 41640.171368;
1, 14 41757.271575;
2, 15 41757.271575;
3, 16 41757.271575;
4, 17 41757.271575;
10, 35 41887.518825;
3, 16 41979.537713;
4, 17 42138.377427;
12, 37 42259.594800;
12, 37 42397.168727;
11, 36 42509.628178;
4, 17 42615.673482;
1, 14 42759.192786;
3, 16 42759.192786;
9, 34 42888.820441;
8, 27 42993.265221;
1, 14 43094.894093;
2, 15 43094.894093;
3, 16 43094.894093;
4, 17 43094.894093;
1, 14 43263.259540;
4, 17 43383.763661;
6, 25 43507.578299;
12, 37 43638.354235;
1, 14 43770.941097;
2, 15 43770.941097;
3, 16 43770.941097;
4, 17 43770.941097;
4, 17 43868.151815;
10, 35 43995.950666;
1, 14 44112.001470;
3, 16 44112.001470;
8, 27 44262.325869;
4, 17 44357.137263;
9, 34 44481.540361;
5, 24 44620.895067;
8, 27 44740.095160;
2, 15 44871.762606;
2, 15 45011.543337;
11, 36 45132.786037;
4, 17 45252.514706;
9, 34 45362.616723;
11, 36 45362.616723;
1, 14 45505.469206;
3, 16 45505.469206;
5, 24 45622.104806;
4, 17 45760.571215;
8, 27 45885.865274;
12, 37 45990.662537;
10, 35 46105.353638;
10, 35 46238.905201;
8, 27 46369.666481;
4, 17 46487.798384;
10, 35 46639.035129;
6, 25 46742.525487;
6, 25 46881.328078;
4, 17 47020.711546;
12, 37 47137.041694;
8, 27 47262.763237;
8, 27 47364.420329;
11, 36 47492.998289;
7, 26 47638.480145;
6, 25 47735.505874;
3, 16 47864.019354;
3, 16 47995.490129;
1, 14 48127.865823;
2, 15 48127.865823;
3, 16 48127.865823;
4, 17 48127.865823;
5, 24 48255.690010;
7, 26 48255.690010;
4, 17 48356.981650;
6, 25 48484.912968;
2, 15 48612.349524;
12, 37 48754.105696;
10, 35 48884.849351;
8, 27 48979.701058;
2, 15 49110.311975;
3, 16 49222.949842;
10, 35 49358.723147;
10, 35 49523.140121;
6, 25 49618.904277;
7, 26 49733.530905;
10, 35 49863.405021;
2, 15 49974.357044;
5, 24 50100.675949;
9, 34 50267.202222;
11, 36 50344.730872;
6, 25 50513.895894;
10, 35 50599.198714;
8, 27 50731.112458;
2, 15 50887.871015;
8, 27 51010.166107;
4, 17 51104.510022;
9, 34 51265.010283;
11, 36 51355.506278;
6, 25 51505.323798;
7, 26 51646.119460;
11, 36 51730.010372;
2, 15 51859.504930;
7, 26 52007.798357;
5, 24 52100.433422;
2, 15 52266.448102;
5, 24 52383.762283;
6, 25 52383.762283;
7, 26 52383.762283;
8, 27 52383.762283;
12, 37 52478.655877;
6, 25 52616.318842;
7, 26 52774.256557;
3, 16 52862.387926;
5, 24 52974.892867;
7, 26 52974.892867;
10, 35 53144.752114;
1, 14 53224.074756;
3, 16 53224.074756;
6, 25 53344.710443;
4, 17 53461.078236;
11, 36 53632.373740;
8, 27 53779.838022;
6, 25 53853.505241;
12, 37 53980.494514;
4, 17 54110.604838;
2, 15 54243.589501;
1, 14 54360.792313;
3, 16 54360.792313;
2, 15 54478.777707;
6, 25 54641.524230;
9, 34 54719.499462;
10, 35 54719.499462;
11, 36 54719.499462;
12, 37 54719.499462;
5, 24 54907.814006;
6, 25 54907.814006;
7, 26 54907.814006;
8, 27 54907.814006;
10, 35 54967.270977;
7, 26 55130.012032;
5, 24 55241.027690;
7, 26 55351.898311;
11, 36 55518.009147;
4, 17 55664.359186;
3, 16 55784.231068;
1, 14 55889.608082;
7, 26 56010.513320;
9, 34 56151.097067;
5, 24 56226.148046;
6, 25 56226.148046;
7, 26 56226.148046;
8, 27 56226.148046;
9, 34 56404.737880;
11, 36 56404.737880;
6, 25 56481.437119;
3, 16 56638.922091;
4, 17 56762.985974;
1, 14 56856.308305;
3, 16 56856.308305;
12, 37 57014.648610;
4, 17 57137.558089;
10, 35 57243.714705;
10, 35 57416.770825;
1, 14 57515.070453;
2, 15 57515.070453;
3, 16 57515.070453;
4, 17 57515.070453;
12, 37 57633.302845;
5, 24 57744.285877;
11, 36 57885.918747;
12, 37 57980.957264;
8, 27 58102.487788;
10, 35 58226.760073;
7, 26 58384.606047;
9, 34 58530.104456;
10, 35 58530.104456;
11, 36 58530.104456;
12, 37 58530.104456;
12, 37 58636.172728;
6, 25 58765.501413;
8, 27 58852.274374;
11, 36 59016.413661;
8, 27 59135.623493;
7, 26 59228.128408;
11, 36 59368.842728;
11, 36 59484.475332;
4, 17 59602.663206;
9, 34 59770.317506;
2, 15 59902.093554;
4, 17 59976.593141;
9, 34 60108.597816;
12, 37 60228.510733;
11, 36 60387.885227;
12, 37 60515.086947;
5, 24 60645.025252;
6, 25 60769.248288;
4, 17 60893.018107;
10, 35 61010.597327;
1, 14 61117.204053;
5, 24 61252.389365;
6, 25 61252.389365;
7, 26 61252.389365;
8, 27 61252.389365;
7, 26 61383.033328;
7, 26 61512.270394;
9, 34 61616.241842;
11, 36 61616.241842;
7, 26 61766.804359;
12, 37 61860.442423;
1, 14 62033.850439;
3, 16 62033.850439;
4, 17 62118.938390;
10, 35 62238.238583;
5, 24 62383.145130;
7, 26 62383.145130;
9, 34 62487.236736;
1, 14 62621.100771;
2, 15 62621.100771;
3, 16 62621.100771;
4, 17 62621.100771;
12, 37 62773.054330;
6, 25 62882.909230;
12, 37 62985.881691;
4, 17 63108.831907;
5, 24 63266.656954;
8, 27 63340.653667;
1, 14 63465.219315;
8, 27 63634.538124;
1, 14 63736.925543;
2, 15 63736.925543;
3, 16 63736.925543;
4, 17 63736.925543;
12, 37 63892.433127;
7, 26 64005.980296;
11, 36 64116.004912;
9, 34 64262.061490;
10, 35 64262.061490;
11, 36 64262.061490;
12, 37 64262.061490;
6, 25 64386.837141;
4, 17 64487.694381;
5, 24 64620.895104;
9, 34 64720.187339;
11, 36 64720.187339;
8, 27 64883.018459;
10, 35 65011.274582;
3, 16 65109.441253;
7, 26 65232.282524;
11, 36 65385.882645;
1, 14 65513.892441;
4, 17 65616.165967;
9, 34 65746.162390;
11, 36 65746.162390;
10, 35 65858.116712;
12, 37 65988.301346;
11, 36 66126.458747;
6, 25 66262.651571;
7, 26 66353.428178;
2, 15 66487.872808;
8, 27 66614.366299;
8, 27 66712.890256;
12, 37 66854.873961;
5, 24 66986.007241;
1, 14 67105.104325;
3, 16 67105.104325;
6, 25 67232.376792;
11, 36 67380.171701;
1, 14 67532.132069;
2, 15 67532.132069;
3, 16 67532.132069;
4, 17 67532.132069;
7, 26 67638.480185;
7, 26 67759.857649;
10, 35 67867.297836;
4, 17 68007.404221;
7, 26 68130.066862;
4, 17 68240.328757;
8, 27 68364.330191;
3, 16 68489.357803;
5, 24 68640.104042;
7, 26 68640.104042;
12, 37 68732.801562;
3, 16 68884.835337;
3, 16 69014.902401;
1, 14 69144.134198;
2, 15 69144.134198;
3, 16 69144.134198;
4, 17 69144.134198;
5, 24 69241.341797;
4, 17 69363.804265;
1, 14 69527.069840;
3, 16 69527.069840;
12, 37 69611.580743;
8, 27 69754.140494;
5, 24 69878.717770;
6, 25 69878.717770;
7, 26 69878.717770;
8, 27 69878.717770;
4, 17 70009.751149;
4, 17 70115.654725;
8, 27 70262.462095;
8, 27 70393.941748;
7, 26 70482.645996;
1, 14 70638.457460;
2, 15 70638.457460;
3, 16 70638.457460;
4, 17 70638.457460;
3, 16 70758.942167;
9, 34 70865.692365;
6, 25 70996.006541;
3, 16 71117.299006;
11, 36 71257.077829;
12, 37 71364.771403;
12, 37 71491.780735;
2, 15 71635.293775;
12, 37 71739.024900;
12, 37 71859.508373;
8, 27 71981.495863;
8, 27 72140.409690;
11, 36 72247.752926;
5, 24 72383.762346;
7, 26 72383.762346;
11, 36 72508.802017;
8, 27 72633.130308;
9, 34 72762.358904;
10, 35 72762.358904;
11, 36 72762.358904;
12, 37 72762.358904;
12, 37 72868.991780;
2, 15 73012.379665;
9, 34 73130.868553;
11, 36 73130.868553;
11, 36 73251.006296;
7, 26 73386.458270;
9, 34 73487.848305;
10, 35 73487.848305;
11, 36 73487.848305;
12, 37 73487.848305;
4, 17 73610.448131;
10, 35 73766.897101;
3, 16 73866.224422;
9, 34 74007.323012;
12, 37 74080.345628;
1, 14 74256.661106;
12, 37 74370.281684;
2, 15 74490.407120;
2, 15 74623.857926;
1, 14 74757.249141;
2, 15 74757.249141;
3, 16 74757.249141;
4, 17 74757.249141;
2, 15 74890.601877;
9, 34 75015.151470;
12, 37 75134.218206;
1, 14 75257.295506;
8, 27 75383.539807;
4, 17 75519.381658;
4, 17 75614.755773;
11, 36 75740.620242;
9, 34 75853.446077;
11, 36 75853.446077;
4, 17 75996.826067;
12, 37 76097.076625;
2, 15 76226.657103;
9, 34 76368.746535;
2, 15 76495.528286;
10, 35 76614.865997;
1, 14 76765.359582;
2, 15 76765.359582;
3, 16 76765.359582;
4, 17 76765.359582;
4, 17 76861.994849;
3, 16 76991.082603;
1, 14 77104.274452;
3, 16 77104.274452;
7, 26 77259.873578;
11, 36 77397.939048;
11, 36 77526.053774;
4, 17 77641.333825;
4, 17 77739.664516;
8, 27 77865.175379;
2, 15 77996.438287;
1, 14 78135.411658;
2, 15 78135.411658;
3, 16 78135.411658;
4, 17 78135.411658;
6, 25 78242.056891;
7, 26 78384.606105;
8, 27 78485.086515;
8, 27 78633.756052;
4, 17 78737.372589;
6, 25 78866.655656;
1, 14 79017.138239;
12, 37 79142.880318;
11, 36 79259.289320;
7, 26 79387.772705;
5, 24 79544.667051;
7, 26 79544.667051;
6, 25 79637.532007;
1, 14 79742.220307;
4, 17 79873.881749;
2, 15 80000.957422;
1, 14 80112.713925;
9, 34 80233.075766;
12, 37 80356.598167;
1, 14 80489.256065;
8, 27 80615.229530;
4, 17 80734.795295;
12, 37 80871.458818;
6, 25 81013.447123;
9, 34 81140.588345;
11, 36 81140.588345;
1, 14 81262.976703;
7, 26 81383.033371;
6, 25 81486.532132;
5, 24 81640.171452;
6, 25 81640.171452;
7, 26 81640.171452;
8, 27 81640.171452;
4, 17 81748.039266;
7, 26 81892.234542;
11, 36 82013.365988;
3, 16 82137.653261;
6, 25 82237.564381;
12, 37 82362.369287;
8, 27 82486.321794;
10, 35 82589.687273;
12, 37 82740.093104;
7, 26 82859.421063;
3, 16 82985.563185;
9, 34 83110.055833;
10, 35 83110.055833;
11, 36 83110.055833;
12, 37 83110.055833;
6, 25 83232.046481;
10, 35 83362.394056;
8, 27 83487.995017;
10, 35 83608.242987;
9, 34 83728.553884;
11, 36 83728.553884;
3, 16 83879.973350;
12, 37 83980.266600;
5, 24 84118.304975;
7, 26 84118.304975;
4, 17 84234.654288;
8, 27 84358.126345;
11, 36 84484.146947;
12, 37 84610.695791;
12, 37 84759.377300;
6, 25 84854.440895;
1, 14 84993.429006;
3, 16 84993.429006;
10, 35 85130.627774;
1, 14 85243.107394;
4, 17 85351.397100;
1, 14 85497.008419;
2, 15 85497.008419;
3, 16 85497.008419;
4, 17 85497.008419;
11, 36 85629.084673;
9, 34 85777.495088;
11, 36 85777.495088;
8, 27 85885.865348;
7, 26 86014.268453;
5, 24 86126.957147;
7, 26 86126.957147;
7, 26 86239.997922;
8, 27 86369.666556;
10, 35 86529.678263;
9, 34 86608.882070;
11, 36 86608.882070;
3, 16 86741.437166;
6, 25 86881.328155;
9, 34 86994.316995;
10, 35 86994.316995;
11, 36 86994.316995;
12, 37 86994.316995;
1, 14 87115.971947;
3, 16 87115.971947;
8, 27 87262.763315;
8, 27 87364.420408;
11, 36 87485.382883;
7, 26 87638.480225;
6, 25 87735.505955;
10, 35 87863.819380;
7, 26 88005.593804;
7, 26 88130.066903;
9, 34 88244.215195;
7, 26 88382.526448;
7, 26 88510.641641;
5, 24 88640.104085;
6, 25 88640.104085;
7, 26 88640.104085;
8, 27 88640.104085;
8, 27 88752.198162;
11, 36 88863.749889;
8, 27 88979.701146;
3, 16 89117.564442;
5, 24 89241.341843;
10, 35 89353.249132;
11, 36 89531.142447;
6, 25 89618.904371;
3, 16 89756.225093;
11, 36 89865.920599;
11, 36 89978.123071;
6, 25 90145.696051;
12, 37 90236.282699;
3, 16 90408.236008;
7, 26 90482.646047;
12, 37 90629.578213;
8, 27 90731.112564;
11, 36 90897.202131;
8, 27 91010.166216;
4, 17 91132.942410;
11, 36 91257.090039;
12, 37 91344.483015;
6, 25 91505.323914;
7, 26 91646.119576;
11, 36 91756.636439;
4, 17 91894.358998;
7, 26 92007.798479;
5, 24 92100.433544;
4, 17 92274.685688;
5, 24 92383.762409;
6, 25 92383.762409;
7, 26 92383.762409;
8, 27 92383.762409;
1, 14 92511.666654;
6, 25 92616.318971;
8, 27 92717.585724;
8, 27 92888.473257;
5, 24 92974.893000;
7, 26 92974.893000;
6, 25 93096.953145;
8, 27 93237.947717;
7, 26 93386.458339;
1, 14 93495.483583;
3, 16 93495.483583;
9, 34 93639.670226;
10, 35 93639.670226;
11, 36 93639.670226;
12, 37 93639.670226;
8, 27 93779.838163;
9, 34 93895.002165;
7, 26 94026.507333;
6, 25 94113.544654;
12, 37 94238.732181;
2, 15 94387.982985;
10, 35 94494.338512;
6, 25 94641.524376;
9, 34 94725.830634;
10, 35 94725.830634;
11, 36 94725.830634;
12, 37 94725.830634;
12, 37 94895.653220;
9, 34 95025.417365;
11, 36 95127.725846;
5, 24 95241.027837;
7, 26 95351.898457;
4, 17 95536.963582;
2, 15 95604.430721;
11, 36 95764.104025;
8, 27 95855.092719;
9, 34 95983.021995;
10, 35 95983.021995;
11, 36 95983.021995;
12, 37 95983.021995;
12, 37 96172.336032;
1, 14 96240.696616;
4, 17 96361.877385;
6, 25 96481.437258;
7, 26 96649.280212;
12, 37 96742.995443;
3, 16 96889.649758;
9, 34 96978.927321;
8, 27 97117.322271;
7, 26 97259.873643;
1, 14 97337.263563;
11, 36 97516.693916;
9, 34 97621.370190;
5, 24 97744.286001;
4, 17 97894.095608;
12, 37 98014.268261;
6, 25 98133.684256;
9, 34 98224.612284;
1, 14 98360.562972;
4, 17 98466.181243;
12, 37 98666.842089;
6, 25 98765.501525;
4, 17 98881.393785;
2, 15 98990.216309;
8, 27 99135.623600;
12, 37 99261.880967;
2, 15 99365.085730;
5, 24 99544.667102;
6, 25 99544.667102;
7, 26 99544.667102;
8, 27 99544.667102;
8, 27 99677.047205;
6, 25 99729.473572;
7, 26 99850.668008;
5, 24 100000.000244;
7, 26 100000.000244;
7, 26 100147.032809;
6, 25 100263.073984;
4, 17 100314.377074;
8, 27 100555.379087;
9, 34 100637.192384;
6, 25 100769.248378;
5, 24 100851.261675;
7, 26 100851.261675;
3, 16 101005.437988;
2, 15 101116.601904;
9, 34 101225.969057;
10, 35 101225.969057;
11, 36 101225.969057;
12, 37 101225.969057;
10, 35 101376.578758;
11, 36 101475.714286;
9, 34 101598.309110;
11, 36 101598.309110;
11, 36 101719.535582;
4, 17 101860.709768;
9, 34 101958.300203;
10, 35 101958.300203;
11, 36 101958.300203;
12, 37 101958.300203;
1, 14 102087.240225;
2, 15 102087.240225;
3, 16 102087.240225;
4, 17 102087.240225;
8, 27 102227.113080;
8, 27 102331.307649;
6, 25 102455.437252;
3, 16 102605.889582;
3, 16 102733.526708;
8, 27 102842.626329;
12, 37 102941.710359;
10, 35 103056.908548;
4, 17 103183.328434;
7, 26 103324.229510;
5, 24 103438.974157;
6, 25 103438.974157;
7, 26 103438.974157;
8, 27 103438.974157;
11, 36 103546.897450;
9, 34 103658.013781;
11, 36 103658.013781;
12, 37 103800.962249;
8, 27 103925.561252;
4, 17 104023.493022;
9, 34 104159.636943;
10, 35 104260.626118;
6, 25 104386.837214;
6, 25 104520.665849;
5, 24 104620.895177;
4, 17 104737.580984;
1, 14 104863.350127;
12, 37 104965.098239;
10, 35 105085.317488;
7, 26 105232.282598;
4, 17 105337.095323;
5, 24 105454.838359;
6, 25 105454.838359;
7, 26 105454.838359;
8, 27 105454.838359;
6, 25 105588.621014;
7, 26 105677.950039;
4, 17 105829.505795;
4, 17 105927.317546;
4, 17 106024.926993;
2, 15 106141.803737;
10, 35 106272.545500;
1, 14 106413.517248;
2, 15 106413.517248;
3, 16 106413.517248;
4, 17 106413.517248;
9, 34 106513.208144;
11, 36 106513.208144;
3, 16 106638.984866;
10, 35 106761.593821;
4, 17 106895.738072;
4, 17 106991.796494;
8, 27 107111.319198;
8, 27 107212.146833;
2, 15 107355.887010;
10, 35 107469.786675;
12, 37 107577.330415;
5, 24 107699.050547;
8, 27 107829.650491;
8, 27 107934.959298;
11, 36 108021.465025;
12, 37 108143.616274;
1, 14 108257.269875;
9, 34 108369.458516;
11, 36 108369.458516;
7, 26 108510.641684;
4, 17 108614.446009;
4, 17 108709.729926;
2, 15 108824.111294;
9, 34 108928.026917;
10, 35 108928.026917;
11, 36 108928.026917;
12, 37 108928.026917;
12, 37 109095.994528;
7, 26 109172.898757;
4, 17 109282.340193;
1, 14 109425.859497;
3, 16 109425.859497;
6, 25 109533.789347;
8, 27 109631.122847;
1, 14 109761.560804;
2, 15 109761.560804;
3, 16 109761.560804;
4, 17 109761.560804;
5, 24 109878.717866;
6, 25 109878.717866;
7, 26 109878.717866;
8, 27 109878.717866;
12, 37 109987.773743;
5, 24 110100.676097;
6, 25 110236.387975;
3, 16 110324.415958;
1, 14 110437.607808;
2, 15 110437.607808;
3, 16 110437.607808;
4, 17 110437.607808;
3, 16 110551.037939;
8, 27 110662.673877;
5, 24 110800.072019;
6, 25 110800.072019;
7, 26 110800.072019;
8, 27 110800.072019;
4, 17 110925.586343;
6, 25 110996.006649;
12, 37 111123.352064;
3, 16 111237.404829;
8, 27 111371.588820;
7, 26 111470.462209;
5, 24 111557.868271;
2, 15 111678.210050;
1, 14 111818.563203;
2, 15 111818.563203;
3, 16 111818.563203;
4, 17 111818.563203;
11, 36 111921.948338;
12, 37 112040.019700;
9, 34 112127.567751;
11, 36 112127.567751;
2, 15 112243.340643;
5, 24 112383.762472;
7, 26 112383.762472;
8, 27 112466.216741;
12, 37 112551.695349;
9, 34 112714.828449;
10, 35 112714.828449;
11, 36 112714.828449;
12, 37 112714.828449;
8, 27 112802.701904;
4, 17 112944.590738;
12, 37 113029.970668;
10, 35 113151.975324;
9, 34 113256.891767;
11, 36 113256.891767;
7, 26 113386.458407;
8, 27 113506.422738;
11, 36 113594.794354;
6, 25 113724.788312;
7, 26 113810.496434;
5, 24 113918.204745;
11, 36 114070.652887;
12, 37 114157.506032;
12, 37 114285.714833;
11, 36 114369.864863;
10, 35 114485.981918;
1, 14 114596.310062;
4, 17 114681.011615;
8, 27 114812.624830;
11, 36 114932.590614;
9, 34 115066.925971;
11, 36 115066.925971;
8, 27 115193.463645;
9, 34 115264.344564;
1, 14 115402.186562;
3, 16 115470.986622;
10, 35 115608.774699;
11, 36 115708.441787;
9, 34 115831.656710;
11, 36 115831.656710;
2, 15 115946.218265;
11, 36 116073.948636;
9, 34 116193.235932;
10, 35 116193.235932;
11, 36 116193.235932;
12, 37 116193.235932;
12, 37 116294.597246;
9, 34 116370.119868;
12, 37 116495.112628;
3, 16 116611.471151;
4, 17 116717.268957;
2, 15 116819.502767;
12, 37 116986.038632;
3, 16 117060.664306;
5, 24 117160.278484;
10, 35 117294.667948;
8, 27 117372.597369;
3, 16 117523.200680;
4, 17 117635.415935;
2, 15 117743.927219;
1, 14 117839.515897;
3, 16 117839.515897;
2, 15 117935.712650;
4, 17 118046.408054;
8, 27 118180.284433;
6, 25 118242.057010;
7, 26 118384.606222;
3, 16 118492.752232;
12, 37 118613.851908;
7, 26 118731.529602;
5, 24 118816.220667;
8, 27 118923.952042;
5, 24 119065.617513;
6, 25 119065.617513;
7, 26 119065.617513;
8, 27 119065.617513;
10, 35 119181.129263;
12, 37 119300.783108;
12, 37 119401.246172;
4, 17 119503.540717;
9, 34 119604.459911;
10, 35 119604.459911;
11, 36 119604.459911;
12, 37 119604.459911;
3, 16 119708.844661;
11, 36 119845.940350;
9, 34 119968.698341;
11, 36 119968.698341;
3, 16 120074.770536;
9, 34 120155.669875;
4, 17 120287.727311;
6, 25 120349.214847;
10, 35 120501.994560;
4, 17 120612.485641;
8, 27 120733.905525;
10, 35 120822.230285;
9, 34 120945.777849;
12, 37 121035.290529;
6, 25 121173.297211;
4, 17 121281.238499;
2, 15 121383.747432;
10, 35 121506.899008;
1, 14 121625.122032;
2, 15 121625.122032;
3, 16 121625.122032;
4, 17 121625.122032;
8, 27 121748.789197;
9, 34 121829.246761;
1, 14 121931.060482;
8, 27 122069.457799;
8, 27 122174.747535;
7, 26 122261.923071;
2, 15 122366.923971;
7, 26 122503.455130;
2, 15 122619.715038;
8, 27 122690.794498;
12, 37 122810.160922;
5, 24 122918.088849;
3, 16 123089.558469;
9, 34 123131.158842;
10, 35 123131.158842;
11, 36 123131.158842;
12, 37 123131.158842;
8, 27 123291.347867;
8, 27 123389.861485;
6, 25 123507.578450;
5, 24 123610.166239;
8, 27 123683.223060;
4, 17 123804.224843;
5, 24 123949.704382;
6, 25 124050.945344;
8, 27 124166.358466;
5, 24 124286.290921;
9, 34 124366.646402;
10, 35 124366.646402;
11, 36 124366.646402;
12, 37 124366.646402;
5, 24 124453.781748;
6, 25 124453.781748;
7, 26 124453.781748;
8, 27 124453.781748;
11, 36 124585.914359;
6, 25 124721.030515;
11, 36 124807.099333;
4, 17 124942.012936;
3, 16 125068.995531;
1, 14 125180.090710;
6, 25 125254.521008;
9, 34 125361.783935;
12, 37 125503.361778;
5, 24 125622.104953;
4, 17 125702.896662;
5, 24 125789.800877;
6, 25 125789.800877;
7, 26 125789.800877;
8, 27 125789.800877;
3, 16 125955.320796;
6, 25 126059.304122;
8, 27 126175.357989;
4, 17 126269.329960;
8, 27 126369.666631;
11, 36 126528.628731;
6, 25 126604.535375;
6, 25 126742.525639;
8, 27 126861.446797;
7, 26 126927.788904;
12, 37 127080.708971;
4, 17 127196.675455;
7, 26 127279.666513;
12, 37 127392.203319;
12, 37 127542.606132;
11, 36 127640.971700;
6, 25 127735.506035;
12, 37 127833.309691;
8, 27 127987.902334;
1, 14 128094.015252;
2, 15 128094.015252;
3, 16 128094.015252;
4, 17 128094.015252;
8, 27 128201.706851;
8, 27 128309.896295;
1, 14 128399.620813;
10, 35 128533.220996;
12, 37 128634.638149;
8, 27 128752.198248;
9, 34 128881.882305;
10, 35 128881.882305;
11, 36 128881.882305;
12, 37 128881.882305;
1, 14 128996.588464;
3, 16 129094.193753;
10, 35 129214.432860;
7, 26 129310.229731;
5, 24 129449.383886;
6, 25 129449.383886;
7, 26 129449.383886;
8, 27 129449.383886;
10, 35 129533.318825;
5, 24 129661.734583;
6, 25 129791.347167;
5, 24 129878.717914;
7, 26 129878.717914;
10, 35 129990.613794;
1, 14 130131.886054;
9, 34 130247.819433;
12, 37 130325.363961;
7, 26 130482.646150;
10, 35 130570.210367;
4, 17 130708.362676;
2, 15 130828.586631;
1, 14 130933.006330;
3, 16 130933.006330;
5, 24 131045.663077;
4, 17 131154.361115;
3, 16 131275.944337;
11, 36 131352.453430;
12, 37 131513.139034;
12, 37 131609.162406;
6, 25 131717.337251;
5, 24 131825.204117;
7, 26 131825.204117;
1, 14 131939.194099;
3, 16 131939.194099;
12, 37 132086.578725;
12, 37 132181.818766;
4, 17 132282.832697;
5, 24 132383.762535;
6, 25 132383.762535;
7, 26 132383.762535;
8, 27 132383.762535;
4, 17 132552.243323;
12, 37 132659.109835;
12, 37 132755.082624;
1, 14 132882.476500;
3, 16 132882.476500;
11, 36 133028.632445;
6, 25 133096.953279;
12, 37 133239.933979;
12, 37 133338.226558;
3, 16 133480.808143;
5, 24 133597.040656;
6, 25 133597.040656;
7, 26 133597.040656;
8, 27 133597.040656;
10, 35 133697.046742;
4, 17 133833.450798;
4, 17 133956.123388;
12, 37 134044.821918;
12, 37 134149.104484;
4, 17 134318.845136;
10, 35 134425.216603;
2, 15 134532.844331;
1, 14 134615.363538;
3, 16 134615.363538;
3, 16 134752.047778;
10, 35 134889.263304;
12, 37 135026.671682;
11, 36 135104.055107;
11, 36 135241.384856;
4, 17 135364.191068;
8, 27 135478.345796;
4, 17 135588.750817;
4, 17 135700.081342;
1, 14 135810.800916;
2, 15 135810.800916;
3, 16 135810.800916;
4, 17 135810.800916;
2, 15 135964.812373;
9, 34 136047.885341;
5, 24 136226.148329;
6, 25 136226.148329;
7, 26 136226.148329;
8, 27 136226.148329;
9, 34 136285.737759;
10, 35 136285.737759;
11, 36 136285.737759;
12, 37 136285.737759;
7, 26 136439.173719;
9, 34 136532.675556;
10, 35 136685.517201;
4, 17 136782.321440;
4, 17 136887.760197;
2, 15 137013.691492;
2, 15 137159.818493;
7, 26 137259.873774;
3, 16 137425.608881;
11, 36 137527.191209;
9, 34 137625.082496;
3, 16 137783.965719;
3, 16 137902.445708;
1, 14 138020.468719;
2, 15 138020.468719;
3, 16 138020.468719;
4, 17 138020.468719;
11, 36 138133.038337;
8, 27 138257.436092;
12, 37 138374.689608;
4, 17 138521.502788;
3, 16 138604.312920;
7, 26 138731.529658;
8, 27 138852.274595;
2, 15 138996.069496;
12, 37 139124.510735;
7, 26 139228.128621;
10, 35 139353.008074;
12, 37 139505.226839;
10, 35 139619.091136;
1, 14 139746.850604;
3, 16 139746.850604;
3, 16 139859.685952;
4, 17 139988.392740;
6, 25 140088.489024;
2, 15 140219.459247;
4, 17 140373.117457;
4, 17 140469.014488;
12, 37 140611.448461;
7, 26 140714.219407;
5, 24 140851.261764;
7, 26 140851.261764;
3, 16 140979.010128;
9, 34 141123.124098;
10, 35 141123.124098;
11, 36 141123.124098;
12, 37 141123.124098;
5, 24 141252.389538;
6, 25 141252.389538;
7, 26 141252.389538;
8, 27 141252.389538;
10, 35 141350.464442;
8, 27 141475.485063;
12, 37 141601.399405;
1, 14 141757.271641;
3, 16 141757.271641;
6, 25 141867.241817;
10, 35 141989.828709;
7, 26 142139.734848;
7, 26 142261.923111;
5, 24 142383.145289;
7, 26 142383.145289;
7, 26 142503.455170;
8, 27 142639.901560;
10, 35 142754.772163;
5, 24 142918.088887;
8, 27 143043.230151;
2, 15 143162.194997;
6, 25 143301.217100;
5, 24 143438.974233;
6, 25 143438.974233;
7, 26 143438.974233;
8, 27 143438.974233;
2, 15 143567.358266;
2, 15 143702.998333;
8, 27 143828.831323;
1, 14 143941.180003;
9, 34 144110.182097;
4, 17 144209.893674;
7, 26 144342.170390;
8, 27 144501.561893;
5, 24 144620.895251;
11, 36 144781.613040;
12, 37 144866.025927;
9, 34 145016.670741;
11, 36 145016.670741;
11, 36 145132.786411;
3, 16 145269.314990;
3, 16 145387.166941;
12, 37 145557.467307;
7, 26 145677.950112;
4, 17 145811.864619;
12, 37 145942.796757;
3, 16 146104.350757;
1, 14 146225.728947;
2, 15 146225.728947;
3, 16 146225.728947;
4, 17 146225.728947;
9, 34 146372.293062;
11, 36 146372.293062;
8, 27 146516.223152;
4, 17 146646.397563;
4, 17 146752.723195;
7, 26 146927.788942;
9, 34 147040.796961;
11, 36 147040.796961;
4, 17 147183.065972;
8, 27 147313.520044;
12, 37 147476.694273;
3, 16 147603.684466;
1, 14 147733.426365;
2, 15 147733.426365;
3, 16 147733.426365;
4, 17 147733.426365;
5, 24 147882.210291;
7, 26 147882.210291;
2, 15 148048.330348;
4, 17 148184.882249;
4, 17 148299.437890;
9, 34 148434.818826;
11, 36 148434.818826;
8, 27 148584.450834;
6, 25 148718.457898;
4, 17 148883.280463;
12, 37 149028.680664;
7, 26 149172.898847;
11, 36 149331.659955;
10, 35 149440.487859;
9, 34 149606.719229;
10, 35 149606.719229;
11, 36 149606.719229;
12, 37 149606.719229;
7, 26 149733.531142;
5, 24 149878.717963;
6, 25 149878.717963;
7, 26 149878.717963;
8, 27 149878.717963;
9, 34 150039.905528;
11, 36 150039.905528;
11, 36 150190.573929;
10, 35 150313.610139;
7, 26 150482.646202;
2, 15 150608.121110;
9, 34 150746.864272;
10, 35 150897.997508;
12, 37 151075.173409;
8, 27 151225.276471;
2, 15 151365.859945;
8, 27 151520.305842;
7, 26 151646.119752;
3, 16 151826.085599;
8, 27 151981.496106;
9, 34 152124.795497;
11, 36 152124.795497;
10, 35 152247.094116;
9, 34 152433.695474;
7, 26 152577.196128;
9, 34 152752.340463;
10, 35 152752.340463;
11, 36 152752.340463;
12, 37 152752.340463;
4, 17 152913.543246;
3, 16 153042.178030;
11, 36 153188.846019;
12, 37 153315.193584;
12, 37 153505.398680;
2, 15 153669.366174;
7, 26 153810.496576;
6, 25 153983.118213;
3, 16 154165.890448;
12, 37 154262.048800;
12, 37 154447.087870;
10, 35 154593.208504;
6, 25 154774.570455;
5, 24 154907.814372;
7, 26 154907.814372;
10, 35 155088.595105;
4, 17 155220.406706;
8, 27 155383.540099;
10, 35 155555.826606;
4, 17 155754.206729;
9, 34 155887.113773;
11, 36 155887.113773;
2, 15 156080.397734;
1, 14 156208.353129;
3, 16 156208.353129;
6, 25 156354.297892;
5, 24 156544.608956;
12, 37 156682.883599;
1, 14 156856.308434;
2, 15 156856.308434;
3, 16 156856.308434;
4, 17 156856.308434;
4, 17 157043.606939;
12, 37 157206.066856;
8, 27 157372.597499;
12, 37 157573.794474;
5, 24 157744.286189;
12, 37 157924.069013;
5, 24 158024.041055;
6, 25 158024.041055;
7, 26 158024.041055;
8, 27 158024.041055;
6, 25 158242.057128;
11, 36 158404.902441;
12, 37 158583.277837;
8, 27 158780.022014;
2, 15 158979.315892;
11, 36 159134.900681;
12, 37 159302.385081;
8, 27 159477.756075;
4, 17 159696.468071;
7, 26 159850.668157;
10, 35 160007.548756;
12, 37 160180.591081;
3, 16 160377.290465;
12, 37 160562.742314;
8, 27 160733.905616;
8, 27 160967.353070;
1, 14 161117.204176;
2, 15 161303.824030;
7, 26 161512.270606;
12, 37 161713.574536;
7, 26 161892.234707;
11, 36 162074.733907;
2, 15 162271.097465;
3, 16 162427.527125;
1, 14 162621.100885;
3, 16 162621.100885;
9, 34 162852.336877;
9, 34 163039.820448;
10, 35 163039.820448;
11, 36 163039.820448;
12, 37 163039.820448;
6, 25 163232.046633;
5, 24 163438.974270;
7, 26 163438.974270;
2, 15 163628.812796;
4, 17 163813.688068;
7, 26 164005.980481;
12, 37 164199.088589;
4, 17 164414.270105;
5, 24 164620.895287;
4, 17 164849.530840;
1, 14 165027.229704;
7, 26 165232.282708;
2, 15 165465.927312;
2, 15 165656.883038;
7, 26 165901.895214;
8, 27 166078.621187;
9, 34 166324.225111;
11, 36 166324.225111;
11, 36 166526.945780;
6, 25 166742.525715;
8, 27 166961.036958;
11, 36 167161.622416;
3, 16 167390.997568;
9, 34 167600.907972;
11, 36 167600.907972;
11, 36 167822.854862;
5, 24 168067.690601;
2, 15 168275.010815;
4, 17 168527.376488;
1, 14 168753.906944;
2, 15 168753.906944;
3, 16 168753.906944;
4, 17 168753.906944;
4, 17 168977.826823;
2, 15 169221.283057;
4, 17 169418.364649;
8, 27 169692.440880;
1, 14 169903.369525;
3, 16 169903.369525;
4, 17 170168.431457;
10, 35 170414.599814;
1, 14 170638.457531;
3, 16 170638.457531;
4, 17 170895.993071;
2, 15 171141.032459;
4, 17 171404.247697;
4, 17 171605.248315;
10, 35 171895.271269;
2, 15 172122.483664;
5, 24 172383.762662;
6, 25 172383.762662;
7, 26 172383.762662;
8, 27 172383.762662;
2, 15 172672.087573;
12, 37 172921.887468;
7, 26 173179.009156;
1, 14 173418.093971;
3, 16 173418.093971;
11, 36 173720.733547;
10, 35 173973.160128;
5, 24 174244.697054;
7, 26 174244.697054;
8, 27 174527.729392;
4, 17 174804.878507;
12, 37 175086.585466;
7, 26 175351.898749;
11, 36 175628.246384;
4, 17 175949.006904;
3, 16 176204.289007;
3, 16 176540.428733;
10, 35 176829.541129;
8, 27 177117.322536;
4, 17 177396.466534;
4, 17 177690.470687;
5, 24 178024.041115;
7, 26 178024.041115;
11, 36 178340.047762;
2, 15 178626.183520;
9, 34 178938.480342;
10, 35 178938.480342;
11, 36 178938.480342;
12, 37 178938.480342;
11, 36 179259.289851;
4, 17 179611.257453;
6, 25 179910.683941;
6, 25 180263.074174;
4, 17 180570.788513;
11, 36 180930.636224;
5, 24 181252.389625;
6, 25 181252.389625;
7, 26 181252.389625;
8, 27 181252.389625;
8, 27 181585.516115;
10, 35 181924.612686;
1, 14 182276.069922;
2, 15 182276.069922;
3, 16 182276.069922;
4, 17 182276.069922;
8, 27 182639.901638;
4, 17 183006.286902;
4, 17 183383.935683;
9, 34 183728.554527;
10, 35 183728.554527;
11, 36 183728.554527;
12, 37 183728.554527;
5, 24 184118.305159;
6, 25 184118.305159;
7, 26 184118.305159;
8, 27 184118.305159;
8, 27 184501.561966;
4, 17 184852.598326;
8, 27 185264.052782;
12, 37 185650.486241;
12, 37 186024.739709;
10, 35 186449.696007;
12, 37 186831.172600;
6, 25 187232.377026;
6, 25 187662.680541;
5, 24 188067.690642;
10, 35 188482.416004;
8, 27 188922.396082;
3, 16 189328.762781;
12, 37 189801.967185;
11, 36 190203.863313;
8, 27 190662.674087;
7, 26 191129.037241;
8, 27 191520.305958;
7, 26 192007.798783;
9, 34 192493.943554;
9, 34 192929.051904;
9, 34 193394.078048;
8, 27 193871.968821;
11, 36 194344.082701;
8, 27 194812.625123;
6, 25 195307.572226;
4, 17 195788.647610;
9, 34 196314.942464;
4, 17 196759.348335;
7, 26 197259.873970;
12, 37 197754.305983;
12, 37 198265.981596;
8, 27 198780.022125;
6, 25 199260.283226;
5, 24 199775.105943;
5, 24 200000.000488;
6, 25 200000.000488;
7, 26 200000.000488;
8, 27 200000.000488;
