1, 14 0.000000;
2, 15 0.000000;
3, 16 0.000000;
4, 17 0.000000;
5, 24 0.000000;
6, 25 0.000000;
7, 26 0.000000;
8, 27 0.000000;
9, 34 0.000000;
10, 35 0.000000;
11, 36 0.000000;
12, 37 0.000000;
4, 17 126.489882;
4, 17 251.990363;
12, 37 370.943975;
12, 37 490.445447;
9, 34 637.191946;
3, 16 724.330761;
9, 34 838.099877;
10, 35 838.099877;
11, 36 838.099877;
12, 37 838.099877;
7, 26 986.582019;
4, 17 1104.725440;
4, 17 1223.127285;
12, 37 1387.247083;
1, 14 1486.667244;
4, 17 1573.662037;
7, 26 1766.804234;
7, 26 1892.234378;
5, 24 2016.524402;
7, 26 2016.524402;
12, 37 2109.489207;
6, 25 2237.564220;
3, 16 2348.235683;
8, 27 2486.321636;
3, 16 2605.889506;
3, 16 2733.526633;
7, 26 2859.420908;
3, 16 2986.542656;
3, 16 3111.968340;
5, 24 3266.656840;
2, 15 3385.502487;
8, 27 3487.994866;
6, 25 3644.281231;
11, 36 3769.181004;
4, 17 3868.083309;
8, 27 3973.832214;
12, 37 4135.635904;
12, 37 4231.739335;
2, 15 4403.108474;
4, 17 4484.531352;
8, 27 4644.744327;
6, 25 4721.030295;
4, 17 4888.446061;
6, 25 4987.786963;
12, 37 5115.531452;
6, 25 5254.520788;
6, 25 5388.025575;
11, 36 5490.704947;
3, 16 5616.843451;
4, 17 5780.521194;
10, 35 5886.150362;
8, 27 5982.131041;
4, 17 6170.981101;
7, 26 6239.997773;
4, 17 6365.093709;
3, 16 6526.352529;
5, 24 6638.960487;
6, 25 6742.525411;
2, 15 6886.125824;
10, 35 7018.720498;
9, 34 7150.908936;
8, 27 7262.763159;
7, 26 7398.435723;
4, 17 7518.372535;
9, 34 7611.304319;
7, 26 7759.857528;
9, 34 7854.253881;
11, 36 7854.253881;
8, 27 7987.902089;
8, 27 8094.388336;
2, 15 8223.935167;
7, 26 8382.526280;
6, 25 8484.912883;
9, 34 8643.079898;
11, 36 8736.790506;
2, 15 8890.859136;
8, 27 8979.700970;
4, 17 9138.993874;
4, 17 9234.540124;
8, 27 9329.994904;
3, 16 9537.622229;
3, 16 9649.518430;
7, 26 9733.530810;
12, 37 9895.196612;
7, 26 10026.115144;
1, 14 10098.692871;
2, 15 10098.692871;
3, 16 10098.692871;
4, 17 10098.692871;
12, 37 10268.735671;
11, 36 10394.814490;
4, 17 10486.190679;
2, 15 10641.962767;
6, 25 10703.674894;
3, 16 10892.896238;
4, 17 10974.667113;
10, 35 11104.448227;
11, 36 11280.280838;
3, 16 11352.898031;
7, 26 11470.461922;
1, 14 11643.212215;
4, 17 11768.369547;
2, 15 11888.963103;
2, 15 12030.227638;
6, 25 12156.446423;
3, 16 12290.905762;
5, 24 12383.762156;
6, 25 12383.762156;
7, 26 12383.762156;
8, 27 12383.762156;
1, 14 12529.918815;
3, 16 12529.918815;
2, 15 12602.022656;
7, 26 12774.256426;
6, 25 12854.086200;
3, 16 13014.352153;
4, 17 13101.829197;
8, 27 13237.947444;
12, 37 13403.882904;
2, 15 13483.419497;
11, 36 13594.793822;
3, 16 13759.386900;
10, 35 13852.907822;
7, 26 14026.507047;
8, 27 14150.946417;
3, 16 14270.351031;
10, 35 14399.075688;
12, 37 14473.632162;
1, 14 14596.309984;
8, 27 14717.519337;
4, 17 14851.548810;
2, 15 15035.178633;
4, 17 15081.372546;
10, 35 15225.232511;
7, 26 15351.898165;
2, 15 15526.221380;
9, 34 15646.267927;
4, 17 15789.011278;
8, 27 15855.092431;
10, 35 15977.655687;
4, 17 16154.045779;
10, 35 16264.270341;
4, 17 16401.949939;
1, 14 16464.520490;
3, 16 16464.520490;
7, 26 16649.279937;
6, 25 16732.447376;
1, 14 16909.503996;
2, 15 16909.503996;
3, 16 16909.503996;
4, 17 16909.503996;
12, 37 17034.489686;
11, 36 17115.038675;
2, 15 17274.787655;
9, 34 17395.307189;
3, 16 17523.200587;
12, 37 17610.266958;
9, 34 17729.419850;
7, 26 17838.440283;
12, 37 17991.360858;
4, 17 18116.007975;
9, 34 18229.851037;
11, 36 18229.851037;
9, 34 18397.365208;
4, 17 18540.516990;
12, 37 18662.174882;
6, 25 18765.501301;
7, 26 18900.122621;
11, 36 19019.688544;
8, 27 19135.623386;
7, 26 19228.128302;
10, 35 19391.166992;
10, 35 19532.967339;
12, 37 19655.782749;
6, 25 19729.473371;
7, 26 19850.667810;
4, 17 20048.349167;
7, 26 20147.032617;
10, 35 20269.631230;
9, 34 20346.403726;
11, 36 20346.403726;
4, 17 20530.694788;
11, 36 20607.333942;
6, 25 20769.248197;
12, 37 20857.324574;
12, 37 20975.494880;
12, 37 21095.577468;
2, 15 21264.208713;
4, 17 21366.623182;
8, 27 21475.484808;
9, 34 21597.412178;
10, 35 21597.412178;
11, 36 21597.412178;
12, 37 21597.412178;
7, 26 21766.804276;
4, 17 21887.073210;
5, 24 22016.524443;
6, 25 22016.524443;
7, 26 22016.524443;
8, 27 22016.524443;
12, 37 22139.968243;
11, 36 22234.984343;
11, 36 22404.714223;
8, 27 22537.668927;
4, 17 22601.572976;
5, 24 22741.543593;
6, 25 22741.543593;
7, 26 22741.543593;
8, 27 22741.543593;
12, 37 22889.019277;
6, 25 23023.258414;
4, 17 23151.134805;
2, 15 23262.269651;
4, 17 23336.564198;
11, 36 23524.504108;
7, 26 23667.003233;
9, 34 23728.601294;
10, 35 23728.601294;
11, 36 23728.601294;
12, 37 23728.601294;
1, 14 23851.270240;
10, 35 23979.569453;
12, 37 24088.974533;
7, 26 24230.356317;
3, 16 24402.964379;
1, 14 24513.784278;
12, 37 24648.955894;
9, 34 24696.327074;
1, 14 24846.785065;
2, 15 24846.785065;
3, 16 24846.785065;
4, 17 24846.785065;
9, 34 25029.201962;
10, 35 25029.201962;
11, 36 25029.201962;
12, 37 25029.201962;
8, 27 25168.758873;
7, 26 25232.282451;
8, 27 25359.405111;
5, 24 25454.838212;
6, 25 25454.838212;
7, 26 25454.838212;
8, 27 25454.838212;
2, 15 25645.982383;
6, 25 25722.663259;
1, 14 25844.999900;
4, 17 25986.804551;
12, 37 26148.070698;
8, 27 26223.826161;
7, 26 26353.428103;
8, 27 26516.222926;
3, 16 26612.236805;
8, 27 26712.890180;
9, 34 26919.443677;
11, 36 26919.443677;
5, 24 26986.007165;
4, 17 27105.142826;
6, 25 27232.376714;
5, 24 27338.951828;
9, 34 27467.838324;
10, 35 27467.838324;
11, 36 27467.838324;
12, 37 27467.838324;
7, 26 27638.480105;
9, 34 27725.827386;
3, 16 27887.743577;
9, 34 27973.880440;
11, 36 27973.880440;
6, 25 28105.082127;
2, 15 28216.812839;
4, 17 28356.247715;
8, 27 28473.902744;
11, 36 28592.563261;
6, 25 28718.457639;
9, 34 28881.881847;
11, 36 28881.881847;
10, 35 28966.428705;
3, 16 29094.193638;
1, 14 29287.767400;
3, 16 29287.767400;
8, 27 29389.517131;
3, 16 29479.155260;
12, 37 29633.274008;
10, 35 29764.808960;
1, 14 29855.388227;
2, 15 29855.388227;
3, 16 29855.388227;
4, 17 29855.388227;
7, 26 30026.115193;
5, 24 30100.675900;
6, 25 30236.387774;
8, 27 30393.941646;
7, 26 30482.645893;
10, 35 30640.762097;
9, 34 30780.826592;
10, 35 30780.826592;
11, 36 30780.826592;
12, 37 30780.826592;
10, 35 30919.629888;
12, 37 30978.766855;
2, 15 31139.704758;
4, 17 31227.428874;
12, 37 31368.562652;
7, 26 31470.461980;
6, 25 31610.716659;
10, 35 31733.644268;
11, 36 31911.876386;
8, 27 31981.495742;
8, 27 32140.409567;
10, 35 32267.547571;
4, 17 32350.633693;
4, 17 32485.335715;
9, 34 32635.153686;
3, 16 32729.248022;
11, 36 32915.663957;
5, 24 32974.892800;
6, 25 32974.892800;
7, 26 32974.892800;
8, 27 32974.892800;
9, 34 33142.145492;
11, 36 33142.145492;
4, 17 33269.709892;
12, 37 33387.577234;
3, 16 33480.808056;
11, 36 33603.191723;
6, 25 33724.788030;
4, 17 33894.900555;
6, 25 33983.117785;
12, 37 34096.838893;
2, 15 34282.919525;
10, 35 34350.124867;
6, 25 34508.790225;
1, 14 34615.363456;
2, 15 34615.363456;
3, 16 34615.363456;
4, 17 34615.363456;
4, 17 34732.585327;
4, 17 34849.045191;
9, 34 34969.130570;
10, 35 34969.130570;
11, 36 34969.130570;
12, 37 34969.130570;
11, 36 35104.054667;
2, 15 35262.284495;
7, 26 35351.898238;
10, 35 35466.548823;
4, 17 35644.493386;
2, 15 35733.360551;
5, 24 35901.830175;
7, 26 36010.513249;
6, 25 36097.057989;
9, 34 36285.737237;
11, 36 36285.737237;
12, 37 36355.330062;
2, 15 36495.277166;
12, 37 36641.476514;
9, 34 36789.458478;
10, 35 36789.458478;
11, 36 36789.458478;
12, 37 36789.458478;
3, 16 36817.518616;
11, 36 36966.468002;
4, 17 37149.408415;
7, 26 37259.873447;
4, 17 37356.826308;
11, 36 37527.190581;
1, 14 37665.011358;
2, 15 37665.011358;
3, 16 37665.011358;
4, 17 37665.011358;
4, 17 37767.001626;
3, 16 37902.445638;
4, 17 37969.942217;
12, 37 38103.219567;
9, 34 38238.098103;
11, 36 38344.194923;
8, 27 38485.086399;
2, 15 38650.606039;
11, 36 38777.366203;
9, 34 38887.374739;
4, 17 38966.572755;
5, 24 39065.617297;
6, 25 39065.617297;
7, 26 39065.617297;
8, 27 39065.617297;
1, 14 39236.217211;
1, 14 39406.991909;
3, 16 39406.991909;
8, 27 39477.755765;
2, 15 39611.161268;
8, 27 39742.533971;
9, 34 39882.949944;
11, 36 39882.949944;
2, 15 40017.317163;
7, 26 40147.032665;
4, 17 40229.071361;
12, 37 40343.731478;
6, 25 40519.300477;
3, 16 40644.577915;
10, 35 40768.396086;
5, 24 40851.261540;
6, 25 40851.261540;
7, 26 40851.261540;
8, 27 40851.261540;
7, 26 40986.582108;
1, 14 41090.319403;
2, 15 41090.319403;
3, 16 41090.319403;
4, 17 41090.319403;
10, 35 41237.709644;
12, 37 41366.422741;
7, 26 41512.270352;
3, 16 41646.159377;
7, 26 41766.804317;
2, 15 41890.620287;
11, 36 42023.573264;
7, 26 42139.734646;
7, 26 42261.922911;
11, 36 42351.634876;
8, 27 42486.321715;
3, 16 42647.550772;
4, 17 42711.332151;
7, 26 42859.420986;
3, 16 42982.851786;
5, 24 43093.076416;
6, 25 43093.076416;
7, 26 43093.076416;
8, 27 43093.076416;
5, 24 43266.656916;
2, 15 43364.468584;
8, 27 43487.994941;
5, 24 43610.166089;
9, 34 43723.539302;
3, 16 43884.371227;
7, 26 44005.980259;
9, 34 44110.181689;
7, 26 44230.356354;
12, 37 44403.084999;
11, 36 44542.175459;
12, 37 44611.077914;
10, 35 44734.099942;
6, 25 44854.440822;
6, 25 44987.787036;
12, 37 45116.250696;
6, 25 45254.520862;
6, 25 45388.025648;
12, 37 45508.916952;
12, 37 45605.918361;
2, 15 45719.603476;
1, 14 45863.252172;
2, 15 45863.252172;
3, 16 45863.252172;
4, 17 45863.252172;
7, 26 46014.268379;
3, 16 46104.350685;
11, 36 46261.144732;
4, 17 46382.639284;
11, 36 46483.406584;
6, 25 46604.535224;
2, 15 46742.068730;
8, 27 46861.446645;
6, 25 47021.016446;
11, 36 47153.112128;
11, 36 47265.869044;
7, 26 47398.435802;
5, 24 47518.023602;
7, 26 47518.023602;
11, 36 47607.521291;
1, 14 47733.426287;
3, 16 47733.426287;
10, 35 47862.203790;
7, 26 48005.593722;
7, 26 48130.066821;
4, 17 48242.072079;
3, 16 48395.444297;
4, 17 48472.612912;
5, 24 48640.103999;
6, 25 48640.103999;
7, 26 48640.103999;
8, 27 48640.103999;
1, 14 48735.519841;
12, 37 48862.928059;
12, 37 48973.079538;
1, 14 49152.463580;
2, 15 49279.551543;
9, 34 49399.496522;
11, 36 49467.937777;
9, 34 49606.718777;
11, 36 49606.718777;
12, 37 49789.116077;
11, 36 49892.509723;
7, 26 50026.115242;
2, 15 50152.836041;
10, 35 50221.118750;
10, 35 50407.420567;
2, 15 50515.990993;
8, 27 50594.746438;
12, 37 50711.396967;
3, 16 50856.533951;
3, 16 51013.868033;
12, 37 51150.448658;
2, 15 51269.045920;
1, 14 51414.501100;
4, 17 51519.264863;
10, 35 51653.487119;
6, 25 51717.337015;
8, 27 51903.024546;
12, 37 51953.137019;
6, 25 52156.446546;
8, 27 52220.860172;
4, 17 52384.767412;
2, 15 52474.118939;
12, 37 52660.403302;
8, 27 52717.585594;
8, 27 52888.473125;
11, 36 52969.245736;
4, 17 53145.859275;
12, 37 53220.384669;
3, 16 53408.103796;
2, 15 53556.876632;
12, 37 53600.630738;
1, 14 53782.638576;
2, 15 53782.638576;
3, 16 53782.638576;
4, 17 53782.638576;
5, 24 53918.204532;
7, 26 54026.507190;
8, 27 54150.946561;
4, 17 54276.995998;
12, 37 54354.875828;
8, 27 54527.728955;
1, 14 54657.214953;
8, 27 54717.519483;
11, 36 54926.442186;
1, 14 54958.455286;
2, 15 54958.455286;
3, 16 54958.455286;
4, 17 54958.455286;
4, 17 55132.711842;
1, 14 55264.393734;
12, 37 55408.837851;
8, 27 55478.345504;
8, 27 55667.290816;
7, 26 55792.637227;
8, 27 55855.092575;
4, 17 56025.743749;
11, 36 56064.285214;
1, 14 56208.353003;
2, 15 56208.353003;
3, 16 56208.353003;
4, 17 56208.353003;
8, 27 56408.913369;
12, 37 56475.407199;
9, 34 56648.762709;
6, 25 56732.447513;
5, 24 56856.218003;
7, 26 56856.218003;
6, 25 56978.777556;
9, 34 57111.032192;
7, 26 57259.873513;
9, 34 57330.775219;
11, 36 57330.775219;
11, 36 57473.530412;
11, 36 57613.519457;
3, 16 57736.297756;
4, 17 57894.645775;
5, 24 58024.040752;
7, 26 58024.040752;
9, 34 58149.314745;
11, 36 58149.314745;
4, 17 58275.346181;
6, 25 58349.175402;
4, 17 58465.815107;
11, 36 58653.744347;
7, 26 58731.529434;
7, 26 58900.122731;
10, 35 58968.706705;
2, 15 59112.052617;
8, 27 59274.028461;
7, 26 59387.772653;
10, 35 59530.505319;
12, 37 59648.331061;
6, 25 59729.473472;
12, 37 59843.181280;
12, 37 60036.453021;
7, 26 60147.032713;
9, 34 60276.376874;
11, 36 60276.376874;
4, 17 60346.649190;
1, 14 60484.279845;
6, 25 60603.287144;
9, 34 60777.058076;
12, 37 60896.151612;
3, 16 61012.851823;
9, 34 61110.888533;
9, 34 61278.493253;
10, 35 61278.493253;
11, 36 61278.493253;
12, 37 61278.493253;
8, 27 61364.457731;
8, 27 61475.484893;
5, 24 61640.171410;
7, 26 61640.171410;
1, 14 61732.954066;
7, 26 61892.234501;
9, 34 61959.005912;
10, 35 61959.005912;
11, 36 61959.005912;
12, 37 61959.005912;
9, 34 62132.919455;
7, 26 62261.922951;
2, 15 62388.550266;
10, 35 62523.216964;
8, 27 62639.901403;
4, 17 62785.281333;
7, 26 62859.421025;
6, 25 63023.258491;
8, 27 63142.808075;
4, 17 63268.214341;
7, 26 63324.229434;
8, 27 63536.927212;
5, 24 63610.166127;
8, 27 63731.831399;
7, 26 63893.346369;
12, 37 64013.514659;
12, 37 64136.683061;
1, 14 64266.339595;
3, 16 64266.339595;
12, 37 64389.778377;
9, 34 64487.180723;
4, 17 64633.476666;
5, 24 64787.747325;
6, 25 64787.747325;
7, 26 64787.747325;
8, 27 64787.747325;
7, 26 64898.893842;
8, 27 64978.263225;
8, 27 65168.758946;
1, 14 65272.527369;
3, 16 65272.527369;
12, 37 65360.887211;
4, 17 65479.647104;
10, 35 65636.016238;
8, 27 65741.836960;
6, 25 65857.025837;
7, 26 66014.268416;
5, 24 66126.957110;
6, 25 66126.957110;
7, 26 66126.957110;
8, 27 66126.957110;
8, 27 66223.826235;
6, 25 66398.917885;
8, 27 66516.223001;
5, 24 66638.960600;
4, 17 66793.156607;
2, 15 66843.474193;
2, 15 67018.361016;
6, 25 67091.216469;
9, 34 67270.566611;
2, 15 67362.628121;
12, 37 67411.593220;
9, 34 67600.907256;
10, 35 67600.907256;
11, 36 67600.907256;
12, 37 67600.907256;
4, 17 67771.392161;
2, 15 67866.177610;
12, 37 67981.553700;
10, 35 68133.629871;
9, 34 68266.208902;
11, 36 68266.208902;
12, 37 68360.504230;
11, 36 68485.564488;
9, 34 68594.249745;
7, 26 68770.985037;
7, 26 68903.358917;
4, 17 69033.414624;
8, 27 69153.423635;
12, 37 69270.424612;
8, 27 69389.517223;
4, 17 69472.785808;
10, 35 69644.881695;
7, 26 69733.530952;
1, 14 69903.369451;
2, 15 69903.369451;
3, 16 69903.369451;
4, 17 69903.369451;
7, 26 70026.115291;
5, 24 70100.675998;
6, 25 70236.387874;
3, 16 70395.827126;
3, 16 70517.425518;
7, 26 70639.974971;
10, 35 70718.813200;
4, 17 70844.678064;
12, 37 70968.597445;
9, 34 71103.318359;
10, 35 71103.318359;
11, 36 71103.318359;
12, 37 71103.318359;
3, 16 71235.778994;
1, 14 71353.802005;
2, 15 71353.802005;
3, 16 71353.802005;
4, 17 71353.802005;
8, 27 71520.305612;
6, 25 71610.716775;
9, 34 71769.333497;
4, 17 71854.836075;
9, 34 71978.056210;
10, 35 71978.056210;
11, 36 71978.056210;
12, 37 71978.056210;
10, 35 72140.981288;
6, 25 72269.450289;
1, 14 72398.149432;
3, 16 72398.149432;
3, 16 72512.488825;
11, 36 72636.449896;
6, 25 72734.556174;
11, 36 72886.653948;
5, 24 72974.892934;
6, 25 72974.892934;
7, 26 72974.892934;
8, 27 72974.892934;
2, 15 73147.910214;
4, 17 73225.220031;
12, 37 73386.871523;
4, 17 73514.331884;
3, 16 73642.461230;
6, 25 73724.788171;
12, 37 73885.041918;
6, 25 73983.117928;
9, 34 74177.347037;
10, 35 74177.347037;
11, 36 74177.347037;
12, 37 74273.977220;
2, 15 74356.875555;
9, 34 74514.225071;
11, 36 74514.225071;
8, 27 74622.540595;
11, 36 74737.226190;
4, 17 74852.503793;
10, 35 74981.818058;
10, 35 75115.163502;
5, 24 75241.027764;
7, 26 75351.898384;
3, 16 75535.274227;
12, 37 75612.225274;
8, 27 75761.353178;
4, 17 75901.206834;
7, 26 76010.513392;
6, 25 76097.058132;
5, 24 76226.148117;
7, 26 76226.148117;
2, 15 76360.983817;
12, 37 76493.782299;
6, 25 76607.505165;
9, 34 76721.736573;
5, 24 76856.218071;
6, 25 76856.218071;
7, 26 76856.218071;
8, 27 76856.218071;
11, 36 77023.725390;
11, 36 77146.898073;
9, 34 77271.596034;
11, 36 77271.596034;
4, 17 77347.648426;
9, 34 77461.766747;
7, 26 77649.222837;
12, 37 77769.144844;
2, 15 77857.969777;
3, 16 78019.564743;
10, 35 78142.212212;
12, 37 78238.434872;
12, 37 78360.544781;
9, 34 78484.802469;
10, 35 78484.802469;
11, 36 78484.802469;
12, 37 78484.802469;
4, 17 78636.275295;
7, 26 78731.529490;
7, 26 78900.122786;
2, 15 78981.384104;
4, 17 79145.197905;
6, 25 79260.282908;
4, 17 79351.328683;
4, 17 79454.989111;
8, 27 79611.094468;
4, 17 79768.495912;
8, 27 79872.146014;
4, 17 79979.730848;
11, 36 80138.458624;
5, 24 80219.719712;
6, 25 80349.214753;
4, 17 80516.399255;
5, 24 80645.025297;
10, 35 80765.897104;
5, 24 80851.261630;
6, 25 80851.261630;
7, 26 80851.261630;
8, 27 80851.261630;
10, 35 81014.099905;
8, 27 81082.232096;
12, 37 81231.832071;
11, 36 81354.559004;
4, 17 81518.215530;
12, 37 81603.180117;
7, 26 81766.804400;
8, 27 81856.516392;
5, 24 82016.524565;
7, 26 82016.524565;
7, 26 82139.734726;
11, 36 82235.539735;
2, 15 82359.653208;
1, 14 82485.796941;
8, 27 82588.860947;
9, 34 82786.850522;
8, 27 82892.966981;
7, 26 82976.583499;
5, 24 83093.076493;
6, 25 83093.076493;
7, 26 83093.076493;
8, 27 83093.076493;
3, 16 83278.137788;
8, 27 83389.861409;
11, 36 83527.053913;
12, 37 83642.799341;
3, 16 83727.330943;
7, 26 83893.346406;
9, 34 84021.401014;
11, 36 84116.470692;
1, 14 84268.331096;
3, 16 84347.201398;
10, 35 84519.827617;
4, 17 84643.794865;
8, 27 84740.095233;
7, 26 84898.893879;
7, 26 85010.009344;
2, 15 85092.802453;
7, 26 85232.282561;
7, 26 85343.508110;
10, 35 85507.960653;
4, 17 85644.042563;
12, 37 85714.286125;
7, 26 85901.895066;
8, 27 85982.131189;
4, 17 86093.919073;
8, 27 86272.365176;
10, 35 86368.900339;
5, 24 86467.286201;
6, 25 86467.286201;
7, 26 86467.286201;
8, 27 86467.286201;
6, 25 86604.535299;
11, 36 86739.245329;
11, 36 86867.678465;
5, 24 86986.007280;
10, 35 87144.094034;
2, 15 87230.029665;
4, 17 87361.344472;
5, 24 87518.023681;
7, 26 87518.023681;
11, 36 87604.836232;
9, 34 87723.168566;
10, 35 87723.168566;
11, 36 87723.168566;
12, 37 87723.168566;
4, 17 87862.914963;
1, 14 87990.548326;
10, 35 88141.292854;
10, 35 88278.402876;
2, 15 88413.608744;
12, 37 88511.420003;
12, 37 88607.881696;
4, 17 88730.240646;
12, 37 88895.623203;
11, 36 88975.226073;
8, 27 89095.208561;
4, 17 89268.239726;
2, 15 89413.730983;
12, 37 89467.580286;
4, 17 89633.440688;
7, 26 89733.531000;
1, 14 89864.062025;
10, 35 90023.117961;
5, 24 90100.676048;
10, 35 90294.760353;
12, 37 90333.836920;
1, 14 90517.936994;
7, 26 90639.975023;
12, 37 90729.354429;
6, 25 90897.507385;
11, 36 91015.971759;
9, 34 91135.901012;
10, 35 91135.901012;
11, 36 91135.901012;
12, 37 91135.901012;
12, 37 91239.696260;
4, 17 91323.086380;
1, 14 91513.451820;
2, 15 91513.451820;
3, 16 91513.451820;
4, 17 91513.451820;
8, 27 91595.586024;
3, 16 91735.662154;
8, 27 91903.024666;
11, 36 92016.996119;
11, 36 92150.301874;
8, 27 92220.860296;
3, 16 92401.165158;
4, 17 92464.329681;
4, 17 92653.471305;
9, 34 92708.111766;
10, 35 92708.111766;
11, 36 92708.111766;
12, 37 92708.111766;
11, 36 92854.610410;
4, 17 93029.801318;
9, 34 93157.460040;
11, 36 93157.460040;
12, 37 93224.194194;
12, 37 93359.743546;
11, 36 93474.906372;
5, 24 93597.040516;
6, 25 93597.040516;
7, 26 93597.040516;
8, 27 93597.040516;
12, 37 93784.333972;
6, 25 93853.505383;
8, 27 93964.550093;
8, 27 94150.946705;
10, 35 94270.165578;
12, 37 94397.372784;
8, 27 94527.729101;
4, 17 94672.523437;
8, 27 94717.519630;
4, 17 94848.469425;
3, 16 94964.934923;
7, 26 95130.012178;
8, 27 95288.565449;
9, 34 95335.799025;
11, 36 95335.799025;
10, 35 95462.713940;
9, 34 95655.694654;
10, 35 95720.646416;
5, 24 95901.830390;
6, 25 95967.104783;
2, 15 96069.529185;
5, 24 96226.148187;
6, 25 96226.148187;
7, 26 96226.148187;
8, 27 96226.148187;
8, 27 96408.913509;
1, 14 96522.054968;
2, 15 96522.054968;
3, 16 96522.054968;
4, 17 96522.054968;
8, 27 96589.563259;
6, 25 96732.447650;
5, 24 96856.218139;
7, 26 96856.218139;
6, 25 96978.777690;
4, 17 97147.021331;
6, 25 97220.142783;
3, 16 97425.238298;
5, 24 97456.364620;
6, 25 97456.364620;
7, 26 97456.364620;
8, 27 97456.364620;
7, 26 97649.222900;
3, 16 97772.117964;
12, 37 97841.853371;
5, 24 98024.040873;
7, 26 98024.040873;
1, 14 98111.191107;
3, 16 98111.191107;
3, 16 98277.898628;
6, 25 98349.175519;
3, 16 98442.774619;
5, 24 98559.725940;
6, 25 98559.725940;
7, 26 98559.725940;
8, 27 98559.725940;
3, 16 98767.198972;
8, 27 98852.274485;
4, 17 99017.300422;
10, 35 99147.169480;
7, 26 99228.128515;
7, 26 99387.772757;
1, 14 99549.143136;
2, 15 99549.143136;
3, 16 99549.143136;
4, 17 99549.143136;
4, 17 99679.287900;
10, 35 99727.868759;
11, 36 99850.184149;
9, 34 100000.000479;
11, 36 100000.000479;
3, 16 100147.474781;
2, 15 100264.486995;
5, 24 100434.616662;
6, 25 100434.616662;
7, 26 100434.616662;
8, 27 100434.616662;
1, 14 100438.437687;
2, 15 100438.437687;
3, 16 100438.437687;
4, 17 100438.437687;
6, 25 100603.287236;
3, 16 100724.330845;
12, 37 100894.596417;
12, 37 101006.457782;
7, 26 101120.264732;
1, 14 101282.030177;
2, 15 101282.030177;
3, 16 101282.030177;
4, 17 101282.030177;
11, 36 101351.640013;
8, 27 101475.484978;
4, 17 101631.429001;
6, 25 101716.299195;
6, 25 101867.241735;
3, 16 101955.423542;
8, 27 102122.197208;
10, 35 102239.243015;
12, 37 102358.071688;
1, 14 102477.467557;
3, 16 102477.467557;
5, 24 102563.284206;
5, 24 102741.543749;
6, 25 102741.543749;
7, 26 102741.543749;
8, 27 102741.543749;
12, 37 102845.405895;
4, 17 102968.567036;
5, 24 103093.076531;
7, 26 103093.076531;
7, 26 103208.944221;
9, 34 103324.552981;
10, 35 103324.552981;
11, 36 103324.552981;
12, 37 103324.552981;
1, 14 103422.556280;
8, 27 103536.927287;
12, 37 103705.646880;
5, 24 103780.366556;
7, 26 103780.366556;
2, 15 103899.238541;
8, 27 104022.044835;
4, 17 104126.601855;
5, 24 104286.290884;
8, 27 104405.970809;
8, 27 104501.561819;
2, 15 104616.375434;
12, 37 104766.797880;
8, 27 104883.018533;
7, 26 105010.009380;
11, 36 105132.346371;
1, 14 105213.032067;
8, 27 105359.405258;
12, 37 105473.393235;
7, 26 105566.307487;
6, 25 105722.663407;
8, 27 105837.809359;
9, 34 105924.048577;
1, 14 106073.658620;
3, 16 106073.658620;
5, 24 106126.957184;
6, 25 106126.957184;
7, 26 106126.957184;
8, 27 106126.957184;
5, 24 106296.662049;
8, 27 106418.435107;
3, 16 106526.352596;
11, 36 106650.183924;
9, 34 106719.617950;
8, 27 106911.184298;
3, 16 106975.794585;
6, 25 107091.216546;
11, 36 107225.467299;
8, 27 107313.519966;
4, 17 107470.604257;
1, 14 107589.994461;
6, 25 107662.680381;
7, 26 107759.857729;
2, 15 107890.474649;
8, 27 108041.043811;
4, 17 108138.211796;
5, 24 108255.690134;
6, 25 108255.690134;
7, 26 108255.690134;
8, 27 108255.690134;
8, 27 108364.330275;
8, 27 108473.902913;
1, 14 108590.628861;
11, 36 108736.791116;
8, 27 108808.650569;
3, 16 108979.891141;
5, 24 109037.303278;
6, 25 109037.303278;
7, 26 109037.303278;
8, 27 109037.303278;
6, 25 109200.223349;
3, 16 109314.217483;
8, 27 109389.517314;
3, 16 109537.622296;
2, 15 109627.127976;
11, 36 109742.351684;
4, 17 109857.723059;
8, 27 110004.919278;
8, 27 110132.811302;
4, 17 110243.702995;
4, 17 110340.572150;
6, 25 110420.463486;
5, 24 110560.971878;
7, 26 110639.975075;
12, 37 110743.488291;
12, 37 110933.798063;
4, 17 111023.803975;
7, 26 111129.037020;
8, 27 111225.276359;
4, 17 111319.864604;
9, 34 111497.733369;
10, 35 111497.733369;
11, 36 111497.733369;
12, 37 111497.733369;
6, 25 111610.716892;
3, 16 111701.561741;
5, 24 111825.204058;
6, 25 111825.204058;
7, 26 111825.204058;
8, 27 111825.204058;
3, 16 111935.981633;
6, 25 112044.744837;
4, 17 112121.378674;
6, 25 112269.450413;
12, 37 112384.817731;
6, 25 112499.385779;
4, 17 112632.982810;
5, 24 112675.275234;
4, 17 112840.306680;
11, 36 112900.443347;
3, 16 113014.352225;
8, 27 113149.641465;
5, 24 113282.328203;
4, 17 113366.166615;
4, 17 113472.735572;
12, 37 113618.264645;
8, 27 113688.186999;
4, 17 113795.480191;
11, 36 113915.862578;
12, 37 114026.796861;
3, 16 114141.434495;
5, 24 114244.696837;
6, 25 114244.696837;
7, 26 114244.696837;
8, 27 114244.696837;
12, 37 114411.557714;
11, 36 114514.713118;
2, 15 114635.791180;
6, 25 114774.570308;
9, 34 114864.546876;
3, 16 114927.841061;
6, 25 115041.140271;
4, 17 115139.279633;
10, 35 115303.278011;
4, 17 115372.782737;
9, 34 115457.305182;
10, 35 115457.305182;
11, 36 115457.305182;
12, 37 115457.305182;
11, 36 115583.697954;
3, 16 115748.935459;
4, 17 115849.302768;
11, 36 115953.456387;
1, 14 116031.480480;
3, 16 116031.480480;
8, 27 116134.032743;
11, 36 116311.415875;
11, 36 116428.581640;
10, 35 116475.184074;
6, 25 116607.505303;
10, 35 116751.995717;
5, 24 116856.218206;
6, 25 116856.218206;
7, 26 116856.218206;
8, 27 116856.218206;
1, 14 116909.504085;
3, 16 116909.504085;
9, 34 117058.680605;
10, 35 117160.043726;
7, 26 117259.873709;
12, 37 117371.368083;
8, 27 117539.464303;
7, 26 117649.222963;
5, 24 117744.286064;
10, 35 117829.437128;
10, 35 117962.779935;
12, 37 118039.008960;
4, 17 118185.931595;
12, 37 118325.497527;
10, 35 118363.811507;
12, 37 118517.454036;
10, 35 118633.170748;
9, 34 118734.831748;
12, 37 118807.711375;
9, 34 118905.265596;
10, 35 118905.265596;
11, 36 118905.265596;
12, 37 118905.265596;
10, 35 119042.658845;
2, 15 119140.785674;
9, 34 119250.812579;
11, 36 119250.812579;
11, 36 119367.678739;
11, 36 119485.530571;
1, 14 119618.688040;
12, 37 119707.329695;
4, 17 119812.526013;
4, 17 119969.348658;
12, 37 120021.758990;
6, 25 120176.172738;
7, 26 120291.871062;
9, 34 120346.404141;
10, 35 120346.404141;
11, 36 120346.404141;
12, 37 120346.404141;
11, 36 120475.866024;
8, 27 120615.229622;
1, 14 120735.924525;
5, 24 120851.261720;
6, 25 120851.261720;
7, 26 120851.261720;
8, 27 120851.261720;
12, 37 120916.178115;
1, 14 121027.459057;
3, 16 121027.459057;
2, 15 121145.444451;
5, 24 121252.389495;
7, 26 121252.389495;
9, 34 121373.360171;
7, 26 121512.270521;
5, 24 121640.171536;
6, 25 121640.171536;
7, 26 121640.171536;
8, 27 121640.171536;
11, 36 121751.058162;
5, 24 121829.665928;
6, 25 121942.084020;
9, 34 122069.616229;
10, 35 122069.616229;
11, 36 122069.616229;
12, 37 122069.616229;
7, 26 122139.734807;
8, 27 122279.298398;
12, 37 122355.762701;
12, 37 122503.744676;
7, 26 122622.904604;
10, 35 122685.882393;
9, 34 122849.475586;
6, 25 122953.206080;
5, 24 123093.076569;
6, 25 123093.076569;
7, 26 123093.076569;
8, 27 123093.076569;
8, 27 123192.428377;
4, 17 123243.721360;
2, 15 123392.388642;
12, 37 123467.081976;
8, 27 123585.774011;
3, 16 123741.569385;
1, 14 123851.270371;
2, 15 123917.208321;
8, 27 124070.201460;
12, 37 124180.911693;
7, 26 124230.356502;
8, 27 124358.126418;
2, 15 124447.278216;
5, 24 124620.895214;
9, 34 124696.327789;
1, 14 124846.785197;
3, 16 124846.785197;
8, 27 124930.642915;
8, 27 125025.882494;
4, 17 125132.481862;
3, 16 125291.146788;
8, 27 125407.110439;
1, 14 125513.044924;
2, 15 125513.044924;
3, 16 125513.044924;
4, 17 125513.044924;
7, 26 125566.307524;
8, 27 125693.915195;
12, 37 125875.659101;
5, 24 125958.044694;
2, 15 126043.432255;
6, 25 126194.737057;
5, 24 126296.662086;
12, 37 126413.282130;
5, 24 126467.286276;
6, 25 126467.286276;
7, 26 126467.286276;
8, 27 126467.286276;
9, 34 126628.230180;
12, 37 126754.438246;
5, 24 126811.820860;
7, 26 126811.820860;
9, 34 126919.444292;
10, 35 126919.444292;
11, 36 126919.444292;
12, 37 126919.444292;
7, 26 127044.389407;
9, 34 127199.223997;
6, 25 127303.357295;
4, 17 127378.820956;
1, 14 127469.417058;
3, 16 127469.417058;
2, 15 127595.698389;
9, 34 127725.827931;
5, 24 127882.210251;
6, 25 127882.210251;
7, 26 127882.210251;
8, 27 127882.210251;
7, 26 128005.593885;
8, 27 128094.388583;
9, 34 128212.755162;
11, 36 128290.473580;
4, 17 128442.897594;
7, 26 128510.641726;
9, 34 128666.025978;
7, 26 128770.985167;
3, 16 128898.439242;
12, 37 129002.365774;
9, 34 129091.451963;
12, 37 129237.636616;
9, 34 129295.346988;
11, 36 129295.346988;
4, 17 129451.948075;
8, 27 129570.179191;
9, 34 129688.315221;
10, 35 129688.315221;
11, 36 129688.315221;
12, 37 129688.315221;
12, 37 129797.397745;
9, 34 129878.375796;
7, 26 130026.115438;
10, 35 130138.348447;
12, 37 130221.853276;
11, 36 130308.176846;
9, 34 130427.968325;
10, 35 130427.968325;
11, 36 130427.968325;
12, 37 130427.968325;
8, 27 130594.746646;
10, 35 130710.961639;
12, 37 130830.536731;
6, 25 130897.507492;
12, 37 131027.899272;
7, 26 131129.037075;
2, 15 131242.000036;
12, 37 131416.834571;
7, 26 131470.462266;
8, 27 131595.586140;
8, 27 131748.028359;
4, 17 131869.516530;
6, 25 131934.334921;
8, 27 132060.622952;
1, 14 132180.559170;
10, 35 132334.255064;
9, 34 132467.806862;
10, 35 132467.806862;
11, 36 132467.806862;
12, 37 132467.806862;
12, 37 132563.365622;
9, 34 132635.154047;
2, 15 132790.721829;
10, 35 132870.613314;
5, 24 132974.893134;
7, 26 132974.893134;
9, 34 133142.145860;
10, 35 133142.145860;
11, 36 133142.145860;
12, 37 133142.145860;
11, 36 133256.279710;
11, 36 133371.111463;
9, 34 133486.721231;
11, 36 133486.721231;
11, 36 133603.192101;
11, 36 133720.610492;
9, 34 133839.066532;
10, 35 133839.066532;
11, 36 133839.066532;
12, 37 133839.066532;
5, 24 133918.204816;
4, 17 134077.898725;
1, 14 134198.798791;
2, 15 134198.798791;
3, 16 134198.798791;
4, 17 134198.798791;
11, 36 134325.222680;
9, 34 134387.598112;
4, 17 134556.460727;
4, 17 134674.070942;
4, 17 134790.909379;
2, 15 134860.650091;
9, 34 134969.131002;
11, 36 134969.131002;
4, 17 135136.986369;
1, 14 135222.506919;
2, 15 135341.591903;
2, 15 135499.235522;
5, 24 135572.942574;
7, 26 135572.942574;
10, 35 135728.696812;
8, 27 135855.092863;
6, 25 135967.104926;
10, 35 136094.766053;
12, 37 136148.759133;
2, 15 136269.507220;
2, 15 136420.272653;
12, 37 136568.738824;
7, 26 136649.280349;
8, 27 136767.932209;
1, 14 136940.309355;
3, 16 136940.309355;
9, 34 137056.789052;
5, 24 137160.278550;
1, 14 137305.124174;
2, 15 137305.124174;
3, 16 137305.124174;
4, 17 137305.124174;
2, 15 137449.641816;
12, 37 137499.455668;
8, 27 137621.894921;
2, 15 137736.441901;
6, 25 137913.112637;
5, 24 138024.040994;
7, 26 138024.040994;
6, 25 138133.684376;
9, 34 138238.098785;
7, 26 138384.606280;
2, 15 138441.827241;
2, 15 138581.144815;
1, 14 138719.940176;
2, 15 138719.940176;
3, 16 138719.940176;
4, 17 138719.940176;
9, 34 138887.375452;
11, 36 138997.847690;
10, 35 139086.476481;
9, 34 139219.684292;
11, 36 139219.684292;
7, 26 139387.772861;
11, 36 139441.842054;
1, 14 139577.187597;
7, 26 139698.927590;
9, 34 139882.950650;
10, 35 139882.950650;
11, 36 139882.950650;
12, 37 139882.950650;
5, 24 140000.000342;
7, 26 140000.000342;
1, 14 140084.760615;
2, 15 140084.760615;
3, 16 140084.760615;
4, 17 140084.760615;
9, 34 140207.230591;
11, 36 140313.542187;
9, 34 140523.035576;
11, 36 140523.035576;
2, 15 140622.250056;
1, 14 140756.151779;
2, 15 140756.151779;
3, 16 140756.151779;
4, 17 140756.151779;
3, 16 140867.625020;
12, 37 140956.246484;
6, 25 141093.655465;
1, 14 141257.168348;
7, 26 141383.033500;
7, 26 141512.270564;
5, 24 141640.171578;
7, 26 141640.171578;
7, 26 141766.804525;
7, 26 141892.234666;
5, 24 142016.524688;
6, 25 142016.524688;
7, 26 142016.524688;
8, 27 142016.524688;
6, 25 142164.252436;
4, 17 142281.422484;
4, 17 142376.846205;
3, 16 142536.017073;
4, 17 142663.492778;
5, 24 142741.543827;
6, 25 142741.543827;
7, 26 142741.543827;
8, 27 142741.543827;
9, 34 142888.820917;
6, 25 143023.258644;
4, 17 143142.960187;
10, 35 143276.120756;
10, 35 143441.831562;
3, 16 143544.782166;
7, 26 143667.003457;
12, 37 143807.854783;
8, 27 143925.561326;
1, 14 144112.001538;
2, 15 144112.001538;
3, 16 144112.001538;
4, 17 144112.001538;
10, 35 144223.041511;
3, 16 144340.752112;
1, 14 144455.583383;
3, 16 144455.583383;
8, 27 144597.040587;
4, 17 144702.759006;
7, 26 144898.893988;
4, 17 145001.540414;
12, 37 145165.806687;
12, 37 145264.481565;
5, 24 145454.838432;
6, 25 145454.838432;
7, 26 145454.838432;
8, 27 145454.838432;
9, 34 145533.204998;
9, 34 145702.548908;
11, 36 145702.548908;
8, 27 145837.809433;
2, 15 145935.356085;
4, 17 146121.655826;
8, 27 146223.826385;
7, 26 146353.428328;
11, 36 146483.406943;
8, 27 146614.366450;
12, 37 146801.280072;
11, 36 146928.852102;
4, 17 147074.696041;
9, 34 147209.431297;
1, 14 147346.651280;
3, 16 147346.651280;
11, 36 147492.998657;
8, 27 147621.217121;
8, 27 147725.081445;
9, 34 147897.261000;
7, 26 148005.593926;
8, 27 148147.941339;
1, 14 148328.187403;
8, 27 148473.902997;
9, 34 148619.823600;
4, 17 148764.972758;
2, 15 148859.554823;
4, 17 149002.397571;
1, 14 149152.463663;
10, 35 149277.811495;
11, 36 149467.938221;
1, 14 149579.903724;
11, 36 149748.180655;
11, 36 149892.510194;
1, 14 150018.789056;
8, 27 150132.811401;
11, 36 150344.731376;
9, 34 150502.600984;
10, 35 150502.600984;
11, 36 150502.600984;
12, 37 150502.600984;
4, 17 150634.545352;
12, 37 150782.527677;
12, 37 150927.191430;
8, 27 151081.300360;
12, 37 151226.601621;
8, 27 151371.588934;
9, 34 151540.230272;
10, 35 151540.230272;
11, 36 151540.230272;
12, 37 151540.230272;
8, 27 151671.491335;
9, 34 151826.812317;
11, 36 151924.884734;
8, 27 152140.409936;
8, 27 152301.977420;
12, 37 152388.934622;
2, 15 152579.032873;
1, 14 152684.675930;
3, 16 152684.675930;
12, 37 152938.075174;
2, 15 153006.052362;
8, 27 153149.641600;
4, 17 153381.682647;
8, 27 153506.422877;
8, 27 153688.187140;
1, 14 153782.638689;
3, 16 153782.638689;
5, 24 153918.204888;
9, 34 154074.790552;
10, 35 154074.790552;
11, 36 154074.790552;
12, 37 154074.790552;
5, 24 154244.696982;
6, 25 154244.696982;
7, 26 154244.696982;
8, 27 154244.696982;
7, 26 154464.634575;
5, 24 154575.111634;
9, 34 154719.500138;
11, 36 154719.500138;
1, 14 154958.455406;
3, 16 154958.455406;
4, 17 155045.393544;
1, 14 155264.393856;
3, 16 155367.388910;
1, 14 155574.856093;
2, 15 155574.856093;
3, 16 155574.856093;
4, 17 155574.856093;
8, 27 155761.353467;
5, 24 155901.830606;
6, 25 156097.058416;
11, 36 156236.759362;
3, 16 156422.891845;
11, 36 156568.442922;
8, 27 156679.042075;
5, 24 156856.218342;
6, 25 156856.218342;
7, 26 156856.218342;
8, 27 156856.218342;
3, 16 157074.902761;
8, 27 157203.071635;
4, 17 157420.463599;
9, 34 157543.859520;
9, 34 157750.925194;
11, 36 157750.925194;
11, 36 157885.919179;
11, 36 158018.664650;
11, 36 158278.015548;
3, 16 158402.328908;
3, 16 158624.480165;
12, 37 158793.281959;
8, 27 158923.952152;
12, 37 159101.157564;
4, 17 159320.138058;
12, 37 159500.929044;
12, 37 159697.212505;
11, 36 159827.009555;
5, 24 160000.000391;
6, 25 160000.000391;
7, 26 160000.000391;
8, 27 160000.000391;
6, 25 160176.172834;
8, 27 160373.689947;
3, 16 160590.862369;
9, 34 160777.058435;
4, 17 160982.950369;
12, 37 161134.794296;
12, 37 161326.511299;
6, 25 161486.532302;
11, 36 161729.839606;
4, 17 161862.494353;
6, 25 162090.576648;
8, 27 162279.298478;
11, 36 162427.507651;
9, 34 162668.267970;
11, 36 162668.267970;
7, 26 162859.421218;
3, 16 163001.692814;
7, 26 163208.944335;
2, 15 163410.305741;
5, 24 163610.166314;
2, 15 163844.286069;
1, 14 164003.930299;
9, 34 164262.061967;
11, 36 164262.061967;
11, 36 164411.301660;
3, 16 164609.277704;
6, 25 164854.441042;
8, 27 165025.882568;
1, 14 165272.527465;
2, 15 165272.527465;
3, 16 165272.527465;
4, 17 165272.527465;
9, 34 165474.129337;
4, 17 165683.967151;
12, 37 165906.656063;
12, 37 166070.884418;
6, 25 166330.709324;
8, 27 166565.248852;
4, 17 166730.036924;
9, 34 166946.118377;
10, 35 166946.118377;
11, 36 166946.118377;
12, 37 166946.118377;
10, 35 167205.114323;
11, 36 167380.172411;
7, 26 167638.480384;
3, 16 167810.948726;
12, 37 168076.655615;
8, 27 168309.896379;
8, 27 168529.052330;
7, 26 168770.985254;
6, 25 168956.743949;
4, 17 169199.269977;
3, 16 169400.193425;
12, 37 169694.552847;
8, 27 169941.611589;
6, 25 170145.696250;
4, 17 170378.408619;
9, 34 170618.998254;
10, 35 170618.998254;
11, 36 170618.998254;
12, 37 170618.998254;
6, 25 170897.507600;
3, 16 171117.299076;
11, 36 171407.371990;
8, 27 171595.586257;
8, 27 171903.024907;
6, 25 172156.446916;
9, 34 172379.283475;
10, 35 172379.283475;
11, 36 172379.283475;
12, 37 172379.283475;
5, 24 172675.275429;
8, 27 172888.473522;
3, 16 173193.019307;
10, 35 173417.244566;
12, 37 173737.235365;
8, 27 173964.550379;
1, 14 174256.661172;
9, 34 174514.225432;
10, 35 174514.225432;
11, 36 174514.225432;
12, 37 174514.225432;
10, 35 174781.733783;
1, 14 175090.604996;
2, 15 175090.604996;
3, 16 175090.604996;
4, 17 175090.604996;
9, 34 175348.824516;
12, 37 175660.311386;
12, 37 175950.568727;
4, 17 176236.245184;
6, 25 176481.437536;
11, 36 176781.508334;
10, 35 177122.145632;
10, 35 177423.416488;
6, 25 177687.357595;
4, 17 177986.531317;
2, 15 178344.876763;
1, 14 178661.519086;
6, 25 178966.686358;
4, 17 179299.649524;
1, 14 179559.062304;
3, 16 179559.062304;
8, 27 179936.288764;
9, 34 180233.076382;
6, 25 180603.287419;
6, 25 180932.655372;
4, 17 181234.825131;
2, 15 181621.283929;
4, 17 181922.318082;
8, 27 182331.307809;
4, 17 182637.201337;
6, 25 183023.258721;
1, 14 183352.122419;
3, 16 183727.331033;
4, 17 184167.523122;
1, 14 184506.182627;
3, 16 184506.182627;
7, 26 184898.894062;
1, 14 185243.107493;
11, 36 185629.085158;
1, 14 186018.009298;
2, 15 186018.009298;
3, 16 186018.009298;
4, 17 186018.009298;
8, 27 186418.435257;
5, 24 186811.820974;
6, 25 186811.820974;
7, 26 186811.820974;
8, 27 186811.820974;
12, 37 187260.228422;
12, 37 187672.586245;
3, 16 188090.431427;
8, 27 188473.903082;
1, 14 188908.189467;
3, 16 188908.189467;
6, 25 189365.667707;
3, 16 189756.225221;
6, 25 190236.388175;
4, 17 190659.333376;
9, 34 191135.901402;
11, 36 191135.901402;
4, 17 191608.679691;
6, 25 192044.745081;
6, 25 192499.386035;
2, 15 192973.542599;
7, 26 193386.458683;
4, 17 193863.342206;
10, 35 194381.342870;
12, 37 194810.280790;
7, 26 195351.898822;
6, 25 195836.372715;
8, 27 196317.784053;
12, 37 196837.638389;
9, 34 197304.231024;
11, 36 197304.231024;
6, 25 197800.887849;
4, 17 198254.196466;
9, 34 198782.627213;
10, 35 199247.653983;
1, 14 199776.189545;
1, 14 200000.000176;
2, 15 200000.000176;
3, 16 200000.000176;
4, 17 200000.000176;
