1, 14 0.000000;
2, 15 0.000000;
3, 16 0.000000;
4, 17 0.000000;
5, 24 0.000000;
6, 25 0.000000;
7, 26 0.000000;
8, 27 0.000000;
9, 34 0.000000;
10, 35 0.000000;
11, 36 0.000000;
12, 37 0.000000;
12, 37 125.842891;
12, 37 249.449435;
8, 27 373.689571;
4, 17 500.117351;
4, 17 622.789942;
4, 17 744.565280;
1, 14 865.465346;
2, 15 865.465346;
3, 16 865.465346;
4, 17 865.465346;
10, 35 995.337157;
7, 26 1120.264513;
5, 24 1252.389235;
7, 26 1252.389235;
7, 26 1383.033200;
12, 37 1493.315358;
5, 24 1640.171284;
6, 25 1640.171284;
7, 26 1640.171284;
8, 27 1640.171284;
8, 27 1748.788947;
10, 35 1887.153249;
2, 15 2008.258466;
9, 34 2134.529651;
4, 17 2255.417381;
5, 24 2383.145011;
6, 25 2383.145011;
7, 26 2383.145011;
8, 27 2383.145011;
7, 26 2503.454893;
7, 26 2622.904369;
5, 24 2741.543554;
7, 26 2741.543554;
11, 36 2877.540990;
8, 27 2993.265144;
10, 35 3123.950348;
10, 35 3257.757927;
12, 37 3372.229598;
6, 25 3507.578224;
5, 24 3610.166014;
12, 37 3753.294264;
8, 27 3877.228318;
7, 26 4005.980184;
5, 24 4118.304827;
7, 26 4118.304827;
2, 15 4260.070423;
4, 17 4382.717615;
9, 34 4497.677454;
5, 24 4620.894994;
8, 27 4740.095086;
10, 35 4875.561794;
7, 26 5010.009197;
5, 24 5121.127470;
6, 25 5121.127470;
7, 26 5121.127470;
8, 27 5121.127470;
11, 36 5250.648121;
9, 34 5370.068408;
11, 36 5370.068408;
3, 16 5501.889727;
5, 24 5622.104733;
9, 34 5736.044246;
10, 35 5736.044246;
11, 36 5736.044246;
12, 37 5736.044246;
4, 17 5878.437448;
11, 36 5987.557912;
5, 24 6126.956998;
7, 26 6126.956998;
11, 36 6246.240701;
11, 36 6378.613797;
9, 34 6513.207705;
10, 35 6513.207705;
11, 36 6513.207705;
12, 37 6513.207705;
12, 37 6630.463320;
12, 37 6749.575726;
12, 37 6870.657253;
12, 37 6993.825650;
12, 37 7119.204075;
12, 37 7246.920957;
9, 34 7377.109683;
10, 35 7377.109683;
11, 36 7377.109683;
12, 37 7377.109683;
12, 37 7509.908047;
4, 17 7613.860661;
10, 35 7755.974052;
3, 16 7868.231938;
4, 17 7995.308148;
7, 26 8130.066738;
5, 24 8255.689926;
7, 26 8255.689926;
4, 17 8376.318211;
2, 15 8490.609486;
2, 15 8623.973191;
8, 27 8752.197989;
3, 16 8868.607517;
12, 37 9011.544377;
11, 36 9124.349459;
1, 14 9258.437783;
12, 37 9354.831967;
4, 17 9521.648243;
6, 25 9618.904183;
11, 36 9742.350997;
3, 16 9873.761955;
4, 17 10002.203066;
6, 25 10145.695853;
2, 15 10234.024843;
2, 15 10369.664910;
9, 34 10505.542594;
11, 36 10616.519589;
8, 27 10731.112352;
4, 17 10876.560250;
3, 16 11007.418688;
1, 14 11122.249958;
3, 16 11122.249958;
3, 16 11237.404760;
4, 17 11369.425582;
9, 34 11497.732672;
11, 36 11497.732672;
10, 35 11626.643457;
2, 15 11748.313267;
10, 35 11880.271721;
1, 14 11994.852302;
9, 34 12127.567094;
10, 35 12127.567094;
11, 36 12127.567094;
12, 37 12127.567094;
4, 17 12273.909343;
4, 17 12376.037384;
4, 17 12478.531190;
6, 25 12616.318713;
2, 15 12746.809383;
8, 27 12888.472992;
4, 17 12996.893611;
3, 16 13136.907144;
9, 34 13256.891206;
10, 35 13256.891206;
11, 36 13256.891206;
12, 37 13256.891206;
3, 16 13383.894108;
3, 16 13508.368231;
1, 14 13633.525046;
2, 15 13633.525046;
3, 16 13633.525046;
4, 17 13633.525046;
9, 34 13757.318689;
11, 36 13757.318689;
3, 16 13885.976683;
9, 34 13993.712212;
6, 25 14113.544367;
5, 24 14244.696476;
7, 26 14244.696476;
6, 25 14376.478812;
4, 17 14511.976732;
4, 17 14624.502555;
10, 35 14740.511769;
2, 15 14874.403820;
1, 14 14994.853963;
7, 26 15130.011885;
5, 24 15241.027544;
10, 35 15380.625112;
12, 37 15511.682992;
12, 37 15619.501530;
3, 16 15748.935376;
2, 15 15861.386733;
7, 26 16010.513177;
10, 35 16121.802193;
1, 14 16246.570276;
2, 15 16376.989279;
6, 25 16481.436980;
3, 16 16611.471063;
12, 37 16742.184564;
9, 34 16888.833867;
11, 36 16888.833867;
11, 36 17002.199405;
12, 37 17131.119869;
7, 26 17259.873382;
1, 14 17367.471733;
3, 16 17367.471733;
10, 35 17495.721065;
8, 27 17621.894542;
5, 24 17744.285752;
9, 34 17896.104070;
10, 35 17896.104070;
11, 36 17896.104070;
12, 37 17896.104070;
3, 16 18000.186037;
11, 36 18118.468285;
4, 17 18256.181832;
12, 37 18373.395137;
3, 16 18492.752133;
2, 15 18626.878677;
12, 37 18759.098828;
12, 37 18856.431154;
3, 16 19002.021558;
4, 17 19125.856967;
9, 34 19250.812203;
10, 35 19250.812203;
11, 36 19250.812203;
12, 37 19250.812203;
11, 36 19367.678360;
11, 36 19485.530188;
1, 14 19618.687933;
12, 37 19759.107185;
12, 37 19863.389747;
5, 24 20000.000049;
7, 26 20000.000049;
10, 35 20117.987548;
3, 16 20260.952892;
4, 17 20368.316254;
12, 37 20513.216927;
12, 37 20626.287456;
9, 34 20740.956898;
10, 35 20740.956898;
11, 36 20740.956898;
12, 37 20740.956898;
11, 36 20876.891547;
7, 26 20986.582064;
7, 26 21120.264557;
5, 24 21252.389279;
6, 25 21252.389279;
7, 26 21252.389279;
8, 27 21252.389279;
9, 34 21373.359696;
2, 15 21504.054140;
1, 14 21625.121912;
3, 16 21625.121912;
11, 36 21751.057659;
6, 25 21867.241570;
12, 37 22000.022877;
8, 27 22122.197046;
1, 14 22241.522595;
2, 15 22241.522595;
3, 16 22241.522595;
4, 17 22241.522595;
10, 35 22370.408826;
7, 26 22503.454933;
7, 26 22622.904408;
2, 15 22747.064232;
1, 14 22875.019627;
3, 16 22875.019627;
2, 15 23003.556666;
9, 34 23131.158223;
11, 36 23131.158223;
10, 35 23247.035782;
12, 37 23381.708265;
10, 35 23484.265799;
8, 27 23634.538049;
3, 16 23741.569255;
7, 26 23893.346295;
7, 26 24005.980221;
5, 24 24118.304864;
6, 25 24118.304864;
7, 26 24118.304864;
8, 27 24118.304864;
6, 25 24252.736965;
9, 34 24366.645697;
11, 36 24366.645697;
8, 27 24501.561672;
3, 16 24624.710314;
10, 35 24762.755107;
8, 27 24883.018386;
7, 26 25010.009234;
5, 24 25121.127506;
7, 26 25121.127506;
11, 36 25251.174043;
2, 15 25379.947084;
1, 14 25513.044793;
3, 16 25513.044793;
5, 24 25622.104769;
8, 27 25741.836886;
6, 25 25857.025763;
6, 25 25991.769605;
5, 24 26126.957035;
6, 25 26126.957035;
7, 26 26126.957035;
8, 27 26126.957035;
7, 26 26239.997810;
4, 17 26363.134564;
12, 37 26499.941827;
9, 34 26628.229541;
4, 17 26736.165209;
8, 27 26911.184145;
12, 37 27000.542214;
8, 27 27111.319044;
10, 35 27253.825348;
6, 25 27374.617987;
5, 24 27518.023563;
6, 25 27518.023563;
7, 26 27518.023563;
8, 27 27518.023563;
8, 27 27621.216882;
7, 26 27759.857569;
10, 35 27875.803835;
7, 26 28005.593681;
7, 26 28130.066780;
5, 24 28255.689968;
6, 25 28255.689968;
7, 26 28255.689968;
8, 27 28255.689968;
7, 26 28382.526322;
3, 16 28500.449519;
10, 35 28622.042404;
11, 36 28738.716010;
6, 25 28876.760949;
1, 14 28996.588348;
10, 35 29132.665800;
5, 24 29241.341707;
4, 17 29370.058464;
9, 34 29494.129223;
2, 15 29630.692895;
8, 27 29754.140398;
9, 34 29878.375390;
8, 27 30004.919082;
1, 14 30131.885946;
9, 34 30247.819042;
12, 37 30376.775078;
10, 35 30499.285315;
4, 17 30632.737279;
3, 16 30758.571562;
12, 37 30880.091975;
6, 25 30996.006432;
9, 34 31125.783460;
11, 36 31125.783460;
11, 36 31239.397255;
4, 17 31372.507412;
4, 17 31516.197375;
9, 34 31633.129124;
12, 37 31752.765854;
10, 35 31867.362377;
10, 35 32000.842108;
2, 15 32132.593852;
11, 36 32245.318491;
5, 24 32383.762219;
7, 26 32383.762219;
6, 25 32499.385524;
4, 17 32618.859452;
4, 17 32751.231047;
1, 14 32882.476409;
2, 15 32882.476409;
3, 16 32882.476409;
4, 17 32882.476409;
12, 37 32996.303064;
1, 14 33109.522730;
2, 15 33244.188882;
11, 36 33371.111091;
8, 27 33506.422460;
10, 35 33626.596770;
10, 35 33767.862827;
8, 27 33871.968252;
12, 37 33993.043647;
2, 15 34114.259576;
5, 24 34244.696548;
6, 25 34244.696548;
7, 26 34244.696548;
8, 27 34244.696548;
4, 17 34378.554698;
10, 35 34500.903422;
8, 27 34622.540449;
3, 16 34752.047697;
3, 16 34887.699147;
8, 27 35003.045248;
7, 26 35130.011958;
11, 36 35241.384408;
9, 34 35381.291819;
11, 36 35381.291819;
11, 36 35523.958856;
1, 14 35616.641537;
4, 17 35755.516411;
4, 17 35865.936542;
10, 35 36001.336739;
11, 36 36126.207153;
5, 24 36226.147975;
7, 26 36226.147975;
1, 14 36382.676665;
8, 27 36499.513710;
4, 17 36623.287549;
1, 14 36755.889565;
5, 24 36856.217936;
6, 25 36856.217936;
7, 26 36856.217936;
8, 27 36856.217936;
10, 35 37002.448968;
1, 14 37123.364989;
4, 17 37253.321390;
8, 27 37372.597110;
1, 14 37485.651843;
9, 34 37625.081860;
12, 37 37752.795708;
4, 17 37868.641594;
1, 14 38020.468649;
3, 16 38020.468649;
11, 36 38133.037662;
3, 16 38255.211386;
1, 14 38371.964150;
2, 15 38371.964150;
3, 16 38371.964150;
4, 17 38371.964150;
2, 15 38511.552908;
8, 27 38633.755938;
7, 26 38731.529377;
4, 17 38868.099950;
11, 36 38997.846975;
4, 17 39162.839083;
6, 25 39260.282802;
7, 26 39387.772600;
10, 35 39486.218435;
3, 16 39633.798775;
10, 35 39751.403769;
8, 27 39872.145915;
5, 24 40000.000098;
6, 25 40000.000098;
7, 26 40000.000098;
8, 27 40000.000098;
8, 27 40126.164780;
8, 27 40250.706438;
8, 27 40373.689665;
8, 27 40495.177108;
8, 27 40615.229439;
1, 14 40756.151713;
3, 16 40756.151713;
12, 37 40871.410751;
4, 17 40994.915747;
9, 34 41123.123476;
11, 36 41123.123476;
5, 24 41252.389322;
7, 26 41252.389322;
4, 17 41376.281579;
11, 36 41497.978691;
2, 15 41623.937047;
8, 27 41748.789031;
3, 16 41868.393623;
5, 24 42016.524484;
7, 26 42016.524484;
12, 37 42119.023518;
1, 14 42257.574541;
5, 24 42383.145090;
6, 25 42383.145090;
7, 26 42383.145090;
8, 27 42383.145090;
7, 26 42503.454972;
7, 26 42622.904447;
5, 24 42741.543632;
7, 26 42741.543632;
3, 16 42870.955585;
4, 17 42998.848587;
9, 34 43106.592490;
11, 36 43106.592490;
11, 36 43248.139213;
6, 25 43370.189830;
2, 15 43499.655144;
2, 15 43635.138273;
12, 37 43751.739031;
8, 27 43877.228392;
3, 16 43998.053380;
5, 24 44118.304901;
7, 26 44118.304901;
4, 17 44258.919631;
8, 27 44358.126271;
12, 37 44507.567226;
1, 14 44628.441501;
4, 17 44752.385337;
10, 35 44876.119221;
7, 26 45010.009270;
5, 24 45121.127543;
6, 25 45121.127543;
7, 26 45121.127543;
8, 27 45121.127543;
11, 36 45248.074198;
3, 16 45387.166871;
8, 27 45502.591716;
3, 16 45624.239118;
3, 16 45743.494143;
9, 34 45870.894480;
2, 15 46007.651515;
5, 24 46126.957072;
7, 26 46126.957072;
7, 26 46239.997847;
9, 34 46372.292703;
10, 35 46372.292703;
11, 36 46372.292703;
12, 37 46372.292703;
10, 35 46505.631109;
5, 24 46638.960563;
12, 37 46753.520839;
9, 34 46872.996591;
5, 24 46986.007203;
4, 17 47128.813474;
4, 17 47237.455079;
9, 34 47379.139684;
11, 36 47379.139684;
2, 15 47500.486298;
12, 37 47623.940525;
7, 26 47759.857609;
5, 24 47882.210089;
6, 25 47882.210089;
7, 26 47882.210089;
8, 27 47882.210089;
10, 35 48002.955678;
12, 37 48124.780488;
9, 34 48252.956298;
7, 26 48382.526364;
7, 26 48510.641556;
9, 34 48619.823198;
8, 27 48752.198075;
8, 27 48865.380971;
9, 34 49000.835007;
6, 25 49118.456973;
5, 24 49241.341752;
1, 14 49364.813757;
3, 16 49364.813757;
3, 16 49507.895235;
2, 15 49623.260924;
11, 36 49748.180193;
5, 24 49878.717721;
7, 26 49878.717721;
1, 14 50018.788968;
6, 25 50145.695952;
1, 14 50242.837359;
3, 16 50242.837359;
3, 16 50393.997580;
9, 34 50502.600468;
11, 36 50502.600468;
7, 26 50639.974919;
9, 34 50746.863736;
8, 27 50869.561138;
9, 34 51000.758812;
10, 35 51000.758812;
11, 36 51000.758812;
12, 37 51000.758812;
7, 26 51129.036854;
4, 17 51241.498554;
4, 17 51379.741323;
3, 16 51495.920873;
12, 37 51620.941078;
8, 27 51748.028122;
10, 35 51885.503091;
3, 16 51993.931772;
9, 34 52124.794844;
10, 35 52124.794844;
11, 36 52124.794844;
12, 37 52124.794844;
4, 17 52237.012741;
10, 35 52371.086662;
3, 16 52509.009657;
10, 35 52623.819912;
9, 34 52752.339768;
11, 36 52752.339768;
10, 35 52882.113117;
4, 17 52990.595573;
2, 15 53114.682329;
8, 27 53237.947581;
7, 26 53386.458201;
1, 14 53500.924705;
4, 17 53621.060570;
9, 34 53743.408498;
11, 36 53854.241065;
2, 15 54011.540536;
6, 25 54113.544510;
5, 24 54244.696621;
7, 26 54244.696621;
6, 25 54376.478957;
11, 36 54508.191553;
4, 17 54614.571754;
3, 16 54757.097936;
12, 37 54897.162178;
9, 34 55028.152611;
11, 36 55128.641856;
12, 37 55241.960225;
3, 16 55367.388787;
4, 17 55485.703343;
9, 34 55612.170254;
12, 37 55731.377019;
9, 34 55887.113193;
10, 35 55887.113193;
11, 36 55887.113193;
12, 37 55887.113193;
3, 16 55995.429280;
10, 35 56099.149596;
11, 36 56236.758812;
4, 17 56392.148990;
10, 35 56503.459061;
12, 37 56614.461768;
12, 37 56750.591170;
9, 34 56883.939434;
10, 35 56883.939434;
11, 36 56883.939434;
12, 37 56883.939434;
2, 15 56987.329854;
8, 27 57117.322139;
2, 15 57250.541567;
12, 37 57392.306842;
12, 37 57513.801377;
8, 27 57621.894669;
9, 34 57750.924754;
10, 35 57750.924754;
11, 36 57750.924754;
12, 37 57750.924754;
12, 37 57866.775250;
11, 36 58018.664225;
6, 25 58133.684137;
8, 27 58257.435856;
10, 35 58379.663435;
1, 14 58513.423955;
3, 16 58624.480033;
12, 37 58741.166084;
9, 34 58896.792255;
11, 36 58896.792255;
8, 27 58995.063188;
11, 36 59134.900300;
9, 34 59252.346566;
10, 35 59252.346566;
11, 36 59252.346566;
12, 37 59252.346566;
2, 15 59376.765501;
1, 14 59508.664535;
3, 16 59508.664535;
2, 15 59640.209093;
12, 37 59745.976882;
7, 26 59850.667909;
5, 24 60000.000147;
7, 26 60000.000147;
12, 37 60132.611411;
6, 25 60263.073889;
3, 16 60377.290338;
11, 36 60499.197321;
9, 34 60610.380241;
10, 35 60610.380241;
11, 36 60610.380241;
12, 37 60610.380241;
10, 35 60743.723013;
10, 35 60877.090422;
12, 37 60991.512003;
7, 26 61120.264645;
4, 17 61250.665568;
12, 37 61374.596686;
11, 36 61503.200342;
3, 16 61631.601549;
12, 37 61762.408243;
6, 25 61867.241652;
5, 24 62016.524525;
6, 25 62016.524525;
7, 26 62016.524525;
8, 27 62016.524525;
8, 27 62122.197127;
12, 37 62258.388812;
10, 35 62379.930445;
7, 26 62503.455012;
7, 26 62622.904486;
5, 24 62741.543671;
6, 25 62741.543671;
7, 26 62741.543671;
8, 27 62741.543671;
12, 37 62878.901618;
3, 16 63001.692703;
10, 35 63115.859917;
8, 27 63241.940381;
3, 16 63373.589683;
2, 15 63519.941273;
9, 34 63627.028663;
10, 35 63749.724551;
4, 17 63890.068842;
1, 14 64003.930194;
5, 24 64118.304938;
6, 25 64118.304938;
7, 26 64118.304938;
8, 27 64118.304938;
6, 25 64252.737039;
2, 15 64370.042982;
8, 27 64501.561746;
10, 35 64625.990291;
1, 14 64777.857740;
2, 15 64777.857740;
3, 16 64777.857740;
4, 17 64777.857740;
11, 36 64880.280265;
7, 26 65010.009307;
5, 24 65121.127580;
7, 26 65121.127580;
8, 27 65264.052562;
2, 15 65369.537361;
12, 37 65512.315412;
5, 24 65622.104843;
1, 14 65751.466996;
2, 15 65751.466996;
3, 16 65751.466996;
4, 17 65751.466996;
4, 17 65885.576594;
6, 25 65991.769680;
2, 15 66124.055102;
7, 26 66239.997885;
3, 16 66367.540112;
12, 37 66497.689488;
9, 34 66630.092074;
11, 36 66734.374184;
1, 14 66887.373423;
8, 27 67011.007764;
8, 27 67111.319121;
3, 16 67248.666594;
6, 25 67374.618066;
5, 24 67518.023642;
6, 25 67518.023642;
7, 26 67518.023642;
8, 27 67518.023642;
8, 27 67621.216961;
1, 14 67741.665641;
5, 24 67882.210129;
7, 26 67882.210129;
7, 26 68005.593763;
4, 17 68124.242658;
5, 24 68255.690051;
6, 25 68255.690051;
7, 26 68255.690051;
8, 27 68255.690051;
7, 26 68382.526406;
7, 26 68510.641599;
3, 16 68622.090182;
1, 14 68753.906866;
3, 16 68753.906866;
6, 25 68876.761037;
2, 15 68988.956637;
11, 36 69124.029109;
4, 17 69254.258849;
6, 25 69365.667432;
8, 27 69509.601890;
8, 27 69631.122753;
2, 15 69753.605937;
10, 35 69873.792990;
8, 27 70004.919180;
8, 27 70132.811203;
12, 37 70249.345849;
9, 34 70362.472649;
2, 15 70493.151778;
9, 34 70618.997712;
11, 36 70618.997712;
4, 17 70741.762852;
3, 16 70878.898447;
1, 14 70998.344714;
3, 16 70998.344714;
7, 26 71129.036909;
4, 17 71252.667003;
8, 27 71371.588707;
2, 15 71494.850310;
12, 37 71616.489571;
4, 17 71755.213823;
1, 14 71879.698711;
7, 26 72007.798418;
11, 36 72114.063130;
4, 17 72250.698972;
9, 34 72379.283054;
11, 36 72379.283054;
6, 25 72499.385651;
3, 16 72626.542712;
1, 14 72740.325265;
2, 15 72740.325265;
3, 16 72740.325265;
4, 17 72740.325265;
2, 15 72876.525845;
11, 36 73009.453184;
4, 17 73128.567618;
1, 14 73249.359932;
11, 36 73369.967450;
8, 27 73506.422599;
10, 35 73628.008576;
1, 14 73754.411959;
3, 16 73754.411959;
8, 27 73871.968394;
4, 17 73993.857013;
1, 14 74089.485069;
2, 15 74089.485069;
3, 16 74089.485069;
4, 17 74089.485069;
5, 24 74244.696693;
6, 25 74244.696693;
7, 26 74244.696693;
8, 27 74244.696693;
4, 17 74375.957242;
6, 25 74508.790371;
11, 36 74625.838235;
12, 37 74753.124307;
3, 16 74868.378199;
8, 27 75003.045395;
7, 26 75130.012105;
10, 35 75248.607370;
10, 35 75382.264912;
9, 34 75516.252486;
10, 35 75516.252486;
11, 36 75516.252486;
12, 37 75516.252486;
11, 36 75628.246022;
1, 14 75757.912382;
3, 16 75757.912382;
3, 16 75869.350362;
12, 37 75999.288507;
8, 27 76134.032601;
1, 14 76260.219574;
4, 17 76380.190607;
8, 27 76499.513849;
2, 15 76630.312726;
10, 35 76757.564045;
3, 16 76878.115454;
12, 37 77006.247116;
12, 37 77111.555313;
4, 17 77250.158876;
8, 27 77372.597240;
10, 35 77500.282767;
1, 14 77616.786483;
5, 24 77744.285939;
12, 37 77883.814290;
12, 37 78000.181969;
12, 37 78118.352279;
3, 16 78251.627643;
3, 16 78368.228385;
1, 14 78485.229846;
3, 16 78485.229846;
11, 36 78632.652471;
12, 37 78740.269601;
12, 37 78871.745683;
12, 37 79005.901698;
2, 15 79124.669337;
4, 17 79248.068892;
1, 14 79377.205763;
8, 27 79477.755869;
10, 35 79631.650318;
8, 27 79742.534071;
12, 37 79875.072448;
5, 24 80000.000195;
6, 25 80000.000195;
7, 26 80000.000195;
8, 27 80000.000195;
8, 27 80126.164876;
8, 27 80250.706533;
8, 27 80373.689759;
8, 27 80495.177201;
4, 17 80625.316245;
2, 15 80756.759895;
1, 14 80872.457874;
7, 26 80986.582197;
7, 26 81120.264688;
5, 24 81252.389409;
7, 26 81252.389409;
2, 15 81381.663629;
7, 26 81512.270436;
4, 17 81632.771171;
8, 27 81748.789114;
1, 14 81864.038390;
2, 15 81864.038390;
3, 16 81864.038390;
4, 17 81864.038390;
3, 16 82000.319979;
9, 34 82124.440934;
7, 26 82261.922991;
5, 24 82383.145170;
6, 25 82383.145170;
7, 26 82383.145170;
8, 27 82383.145170;
7, 26 82503.455051;
7, 26 82622.904526;
5, 24 82741.543710;
7, 26 82741.543710;
2, 15 82869.994114;
8, 27 82993.265298;
1, 14 83131.187215;
3, 16 83131.187215;
5, 24 83266.656992;
6, 25 83370.189906;
6, 25 83507.578374;
5, 24 83610.166164;
2, 15 83757.739561;
8, 27 83877.228467;
7, 26 84005.980333;
2, 15 84127.385478;
8, 27 84262.325943;
4, 17 84369.811170;
1, 14 84506.182532;
2, 15 84506.182532;
3, 16 84506.182532;
4, 17 84506.182532;
5, 24 84620.895140;
1, 14 84747.834466;
2, 15 84894.709001;
11, 36 84999.809412;
5, 24 85121.127616;
6, 25 85121.127616;
7, 26 85121.127616;
8, 27 85121.127616;
6, 25 85254.520935;
6, 25 85388.025722;
8, 27 85502.591790;
5, 24 85622.104880;
1, 14 85755.266471;
10, 35 85865.025167;
9, 34 85994.302440;
2, 15 86124.388835;
4, 17 86246.876509;
3, 16 86375.511292;
11, 36 86476.445066;
5, 24 86638.960638;
6, 25 86742.525563;
4, 17 86874.203851;
2, 15 87002.699433;
11, 36 87119.288888;
11, 36 87242.715127;
9, 34 87364.710251;
11, 36 87364.710251;
3, 16 87499.223705;
12, 37 87621.807251;
7, 26 87759.857689;
5, 24 87882.210170;
6, 25 87882.210170;
7, 26 87882.210170;
8, 27 87882.210170;
10, 35 88003.145160;
12, 37 88121.624210;
5, 24 88255.690093;
7, 26 88255.690093;
4, 17 88378.726797;
3, 16 88495.235189;
11, 36 88639.965993;
9, 34 88752.019394;
11, 36 88752.019394;
8, 27 88865.381059;
12, 37 88991.134438;
6, 25 89118.457063;
9, 34 89253.246439;
12, 37 89372.299443;
10, 35 89486.644656;
10, 35 89620.212599;
9, 34 89754.068853;
10, 35 89754.068853;
11, 36 89754.068853;
12, 37 89754.068853;
5, 24 89878.717818;
7, 26 89878.717818;
4, 17 90003.230950;
12, 37 90139.160415;
9, 34 90260.628905;
4, 17 90376.940186;
6, 25 90513.895997;
3, 16 90627.879650;
4, 17 90753.796845;
8, 27 90869.561245;
10, 35 90992.128183;
7, 26 91129.036965;
2, 15 91246.995440;
11, 36 91379.644108;
9, 34 91503.674095;
11, 36 91503.674095;
11, 36 91629.296992;
8, 27 91748.028240;
9, 34 91885.823281;
10, 35 91885.823281;
11, 36 91885.823281;
12, 37 91885.823281;
12, 37 91998.130076;
12, 37 92111.987959;
12, 37 92227.493795;
10, 35 92368.419838;
9, 34 92493.943100;
3, 16 92621.987419;
7, 26 92774.256688;
10, 35 92884.288976;
11, 36 93004.321962;
2, 15 93104.696912;
10, 35 93251.079414;
2, 15 93365.699624;
12, 37 93498.187506;
2, 15 93624.748943;
4, 17 93771.809577;
2, 15 93881.612430;
11, 36 93982.403135;
1, 14 94136.083683;
2, 15 94136.083683;
3, 16 94136.083683;
4, 17 94136.083683;
5, 24 94244.696765;
7, 26 94244.696765;
6, 25 94376.479102;
4, 17 94495.113635;
2, 15 94637.157281;
1, 14 94760.681878;
3, 16 94760.681878;
2, 15 94883.479586;
4, 17 95022.914462;
2, 15 95126.847907;
12, 37 95246.077094;
1, 14 95367.183812;
2, 15 95367.183812;
3, 16 95367.183812;
4, 17 95367.183812;
8, 27 95478.345650;
12, 37 95609.482923;
3, 16 95760.860382;
4, 17 95871.741496;
7, 26 96010.513463;
3, 16 96145.822002;
10, 35 96248.347273;
12, 37 96362.541127;
10, 35 96514.907290;
9, 34 96648.083675;
11, 36 96648.083675;
2, 15 96743.639001;
11, 36 96869.111726;
4, 17 96993.112589;
12, 37 97119.191256;
3, 16 97248.778140;
2, 15 97390.109416;
12, 37 97486.589010;
8, 27 97621.894795;
4, 17 97747.603370;
1, 14 97857.606051;
2, 15 98010.270337;
11, 36 98127.175642;
8, 27 98257.435974;
7, 26 98384.606163;
9, 34 98509.280228;
10, 35 98509.280228;
11, 36 98509.280228;
12, 37 98509.280228;
1, 14 98605.860734;
2, 15 98605.860734;
3, 16 98605.860734;
4, 17 98605.860734;
4, 17 98744.256068;
11, 36 98871.295513;
8, 27 98995.063297;
12, 37 99118.169088;
3, 16 99241.147570;
11, 36 99379.235742;
9, 34 99540.026163;
10, 35 99540.026163;
11, 36 99540.026163;
12, 37 99540.026163;
12, 37 99674.747074;
2, 15 99731.043323;
3, 16 99851.145943;
1, 14 100000.000088;
3, 16 100000.000088;
11, 36 100146.596328;
10, 35 100261.692385;
9, 34 100430.937074;
10, 35 100430.937074;
11, 36 100430.937074;
12, 37 100430.937074;
12, 37 100549.484908;
2, 15 100610.563510;
10, 35 100758.343536;
1, 14 100865.465430;
3, 16 100865.465430;
7, 26 100986.582241;
12, 37 101116.886531;
5, 24 101252.389452;
6, 25 101252.389452;
7, 26 101252.389452;
8, 27 101252.389452;
8, 27 101364.457817;
1, 14 101486.667325;
2, 15 101608.344095;
4, 17 101746.422144;
12, 37 101856.539643;
4, 17 101974.309911;
10, 35 102099.461244;
3, 16 102218.168697;
3, 16 102348.235760;
12, 37 102456.470595;
6, 25 102599.081072;
2, 15 102708.060902;
9, 34 102821.280647;
8, 27 102943.178829;
4, 17 103076.204021;
10, 35 103190.895724;
2, 15 103311.220812;
11, 36 103435.765994;
7, 26 103553.218868;
7, 26 103667.003382;
1, 14 103790.031704;
4, 17 103919.988104;
2, 15 104044.146096;
1, 14 104152.318557;
12, 37 104279.899045;
10, 35 104395.815265;
1, 14 104509.930554;
4, 17 104636.608931;
2, 15 104757.736901;
12, 37 104865.644985;
8, 27 104978.263298;
5, 24 105121.127653;
7, 26 105121.127653;
10, 35 105226.901683;
7, 26 105343.508146;
2, 15 105455.816952;
12, 37 105577.675800;
12, 37 105682.983998;
10, 35 105810.807322;
8, 27 105933.971731;
8, 27 106030.346719;
3, 16 106187.183824;
2, 15 106277.827980;
6, 25 106398.917960;
8, 27 106516.223076;
5, 24 106638.960676;
1, 14 106751.427259;
3, 16 106751.427259;
3, 16 106863.692848;
5, 24 106986.007318;
10, 35 107106.563637;
2, 15 107221.904793;
5, 24 107338.951985;
12, 37 107443.174397;
4, 17 107566.124433;
11, 36 107691.277142;
6, 25 107808.678623;
1, 14 107923.834993;
2, 15 108023.893017;
8, 27 108147.941257;
10, 35 108263.091418;
7, 26 108382.526490;
10, 35 108477.570362;
12, 37 108603.305504;
6, 25 108718.457812;
5, 24 108836.980686;
2, 15 108957.629141;
1, 14 109091.245737;
2, 15 109091.245737;
3, 16 109091.245737;
4, 17 109091.245737;
4, 17 109186.758432;
7, 26 109310.229685;
10, 35 109407.562171;
9, 34 109531.791476;
11, 36 109531.791476;
3, 16 109649.518497;
8, 27 109754.140589;
3, 16 109873.762021;
3, 16 109986.135058;
1, 14 110098.692938;
3, 16 110098.692938;
3, 16 110211.448810;
5, 24 110327.969001;
7, 26 110327.969001;
10, 35 110439.068346;
12, 37 110553.081959;
3, 16 110664.720092;
1, 14 110778.668182;
3, 16 110778.668182;
3, 16 110892.896306;
3, 16 111007.418756;
1, 14 111122.250027;
2, 15 111122.250027;
3, 16 111122.250027;
4, 17 111122.250027;
10, 35 111236.458254;
3, 16 111352.898100;
1, 14 111468.745015;
3, 16 111468.745015;
3, 16 111584.960999;
12, 37 111681.484601;
9, 34 111817.428381;
4, 17 111919.181419;
4, 17 112020.116384;
8, 27 112140.409813;
10, 35 112248.639472;
1, 14 112350.471596;
10, 35 112485.393058;
7, 26 112577.196000;
1, 14 112710.539121;
2, 15 112819.500518;
10, 35 112936.965039;
4, 17 113049.305999;
4, 17 113154.465099;
1, 14 113260.080925;
2, 15 113260.080925;
3, 16 113260.080925;
4, 17 113260.080925;
3, 16 113383.894182;
12, 37 113476.140801;
5, 24 113597.040586;
7, 26 113597.040586;
2, 15 113708.956176;
1, 14 113822.589423;
10, 35 113947.113627;
8, 27 114057.553433;
2, 15 114167.153015;
3, 16 114270.351107;
1, 14 114400.093006;
3, 16 114400.093006;
6, 25 114508.790516;
8, 27 114622.540741;
7, 26 114685.843979;
10, 35 114823.428378;
2, 15 114954.617209;
3, 16 115062.111017;
10, 35 115146.459537;
2, 15 115279.016244;
8, 27 115383.539953;
4, 17 115490.693348;
1, 14 115609.403201;
2, 15 115609.403201;
3, 16 115609.403201;
4, 17 115609.403201;
4, 17 115728.932724;
6, 25 115836.372427;
8, 27 115948.474429;
10, 35 116049.949788;
3, 16 116174.561959;
2, 15 116289.927648;
12, 37 116395.203925;
8, 27 116499.513988;
10, 35 116614.158565;
9, 34 116717.635370;
4, 17 116845.164947;
4, 17 116974.108120;
7, 26 117059.795317;
12, 37 117179.310371;
12, 37 117275.468761;
9, 34 117395.307550;
4, 17 117500.856393;
1, 14 117601.664461;
9, 34 117729.420209;
7, 26 117838.440592;
12, 37 117943.728118;
9, 34 118062.839960;
3, 16 118162.587604;
5, 24 118295.771945;
9, 34 118397.365569;
10, 35 118498.211215;
4, 17 118612.450614;
2, 15 118728.265934;
1, 14 118830.341786;
3, 16 118830.341786;
2, 15 118933.114837;
4, 17 119051.434147;
3, 16 119175.676392;
6, 25 119260.283014;
7, 26 119387.772809;
12, 37 119502.452313;
8, 27 119611.094570;
11, 36 119724.562887;
6, 25 119820.516147;
12, 37 119915.911700;
10, 35 120043.062011;
1, 14 120167.591445;
3, 16 120260.953003;
8, 27 120373.689853;
8, 27 120495.177294;
11, 36 120607.334371;
7, 26 120714.219362;
3, 16 120832.557076;
4, 17 120943.662742;
5, 24 121053.623192;
9, 34 121156.372065;
10, 35 121156.372065;
11, 36 121156.372065;
12, 37 121156.372065;
12, 37 121279.540471;
7, 26 121383.033457;
6, 25 121486.532217;
9, 34 121597.412669;
11, 36 121597.412669;
10, 35 121689.170960;
3, 16 121828.568563;
12, 37 121931.172265;
3, 16 122034.055536;
4, 17 122152.370091;
10, 35 122268.574892;
5, 24 122383.145250;
6, 25 122383.145250;
7, 26 122383.145250;
8, 27 122383.145250;
8, 27 122486.321873;
8, 27 122588.861025;
4, 17 122692.410500;
6, 25 122812.358584;
11, 36 122942.104640;
4, 17 123058.815741;
2, 15 123132.649381;
5, 24 123266.657068;
6, 25 123370.189982;
8, 27 123487.995092;
10, 35 123605.568665;
9, 34 123728.601961;
11, 36 123728.601961;
12, 37 123817.505858;
11, 36 123937.310777;
9, 34 124043.263682;
11, 36 124150.192378;
8, 27 124262.326017;
4, 17 124371.324488;
1, 14 124513.784409;
6, 25 124587.497117;
2, 15 124713.511654;
8, 27 124835.387632;
12, 37 124933.969904;
9, 34 125029.202680;
11, 36 125029.202680;
10, 35 125162.469247;
5, 24 125287.884458;
6, 25 125388.025795;
8, 27 125502.591863;
8, 27 125598.186183;
3, 16 125734.498535;
1, 14 125845.000031;
10, 35 125948.947187;
12, 37 126058.017776;
1, 14 126175.331288;
3, 16 126175.331288;
8, 27 126272.365250;
3, 16 126394.357634;
1, 14 126503.450441;
3, 16 126612.236934;
11, 36 126726.573177;
1, 14 126828.816959;
2, 15 126828.816959;
3, 16 126828.816959;
4, 17 126828.816959;
8, 27 126961.036881;
8, 27 127061.100820;
5, 24 127161.666712;
6, 25 127161.666712;
7, 26 127161.666712;
8, 27 127161.666712;
11, 36 127289.980462;
7, 26 127398.435959;
5, 24 127518.023760;
7, 26 127518.023760;
7, 26 127638.480304;
4, 17 127739.206544;
2, 15 127846.252670;
9, 34 127973.880964;
10, 35 127973.880964;
11, 36 127973.880964;
12, 37 127973.880964;
5, 24 128067.690519;
6, 25 128180.174775;
3, 16 128298.268296;
8, 27 128418.997441;
8, 27 128529.052245;
5, 24 128640.104171;
6, 25 128640.104171;
7, 26 128640.104171;
8, 27 128640.104171;
12, 37 128759.346980;
8, 27 128865.381146;
8, 27 128979.701235;
8, 27 129095.208650;
8, 27 129211.955352;
8, 27 129329.995178;
11, 36 129428.404066;
11, 36 129559.344796;
3, 16 129668.359444;
4, 17 129775.498648;
12, 37 129905.216278;
12, 37 130011.849151;
12, 37 130117.371053;
3, 16 130222.983127;
5, 24 130327.969051;
6, 25 130327.969051;
7, 26 130327.969051;
8, 27 130327.969051;
8, 27 130460.389752;
3, 16 130582.111509;
6, 25 130703.675210;
5, 24 130800.072072;
7, 26 130800.072072;
12, 37 130929.500366;
2, 15 131036.709717;
8, 27 131153.000692;
10, 35 131262.051043;
10, 35 131397.536034;
6, 25 131505.324029;
3, 16 131611.231994;
4, 17 131729.185029;
2, 15 131841.554869;
9, 34 131967.488554;
10, 35 132067.529049;
7, 26 132193.969647;
9, 34 132300.897268;
1, 14 132418.133725;
2, 15 132418.133725;
3, 16 132418.133725;
4, 17 132418.133725;
8, 27 132549.339929;
1, 14 132652.059440;
7, 26 132774.256819;
8, 27 132888.473390;
10, 35 133005.997564;
1, 14 133109.522819;
8, 27 133237.947853;
6, 25 133344.710718;
4, 17 133459.823332;
4, 17 133585.323812;
4, 17 133709.858550;
7, 26 133810.496505;
12, 37 133941.497478;
3, 16 134057.664207;
8, 27 134150.946849;
10, 35 134275.603556;
1, 14 134408.332363;
8, 27 134527.729246;
6, 25 134641.524522;
9, 34 134770.902720;
3, 16 134887.699227;
1, 14 135022.348265;
2, 15 135022.348265;
3, 16 135022.348265;
4, 17 135022.348265;
7, 26 135130.012325;
5, 24 135241.027983;
7, 26 135351.898603;
4, 17 135476.792969;
9, 34 135596.387314;
6, 25 135704.952453;
9, 34 135818.350153;
11, 36 135818.350153;
3, 16 135939.222941;
3, 16 136066.860067;
1, 14 136193.736557;
3, 16 136193.736557;
3, 16 136319.876089;
12, 37 136425.683138;
5, 24 136544.608887;
4, 17 136676.417864;
9, 34 136789.459043;
11, 36 136789.459043;
10, 35 136895.089836;
12, 37 137017.929924;
11, 36 137148.345816;
8, 27 137288.165049;
4, 17 137408.429567;
4, 17 137511.344778;
7, 26 137649.223026;
5, 24 137744.286126;
2, 15 137878.786818;
12, 37 138014.316342;
4, 17 138121.280471;
3, 16 138255.211455;
1, 14 138371.964219;
3, 16 138371.964219;
3, 16 138488.326110;
4, 17 138620.852754;
12, 37 138746.037664;
2, 15 138858.239760;
8, 27 138995.063405;
4, 17 139113.854618;
1, 14 139236.217278;
6, 25 139356.067739;
4, 17 139504.314524;
4, 17 139601.456705;
6, 25 139729.473673;
7, 26 139850.668107;
3, 16 139972.318222;
11, 36 140099.970573;
5, 24 140219.719856;
2, 15 140353.925637;
2, 15 140488.181928;
6, 25 140603.287327;
11, 36 140727.982914;
4, 17 140851.705957;
7, 26 140986.582330;
7, 26 141120.264820;
4, 17 141233.339964;
8, 27 141364.457903;
11, 36 141497.979280;
4, 17 141614.413205;
12, 37 141753.553258;
3, 16 141868.393689;
4, 17 141995.418017;
8, 27 142122.197289;
1, 14 142257.574607;
10, 35 142383.542613;
11, 36 142509.628683;
3, 16 142647.550838;
1, 14 142759.192852;
2, 15 142759.192852;
3, 16 142759.192852;
4, 17 142759.192852;
2, 15 142893.323814;
2, 15 143027.650528;
6, 25 143162.669485;
2, 15 143296.979437;
1, 14 143432.026293;
2, 15 143432.026293;
3, 16 143432.026293;
4, 17 143432.026293;
7, 26 143553.218943;
12, 37 143695.243345;
4, 17 143819.524102;
5, 24 143949.704419;
10, 35 144072.262042;
8, 27 144214.364560;
12, 37 144350.458783;
9, 34 144481.540754;
4, 17 144603.701066;
12, 37 144764.664613;
8, 27 144883.018606;
7, 26 145010.009453;
1, 14 145151.896559;
3, 16 145151.896559;
5, 24 145287.884495;
4, 17 145404.039303;
8, 27 145550.373590;
1, 14 145683.804953;
11, 36 145814.875594;
5, 24 145958.044732;
2, 15 146080.142812;
12, 37 146229.372969;
2, 15 146372.148068;
12, 37 146515.156792;
5, 24 146638.960752;
1, 14 146779.380641;
8, 27 146911.184375;
7, 26 147044.389445;
12, 37 147185.280583;
5, 24 147338.952063;
3, 16 147474.767854;
11, 36 147607.521662;
7, 26 147759.857810;
2, 15 147890.242510;
8, 27 148041.043893;
12, 37 148175.888592;
11, 36 148313.250763;
5, 24 148446.420107;
12, 37 148593.187676;
1, 14 148735.519922;
6, 25 148876.761212;
2, 15 149026.319930;
8, 27 149153.423815;
7, 26 149310.229777;
5, 24 149449.383932;
7, 26 149449.383932;
7, 26 149590.452703;
4, 17 149735.283388;
2, 15 149885.862692;
7, 26 150026.115487;
7, 26 150175.829516;
5, 24 150327.969102;
7, 26 150327.969102;
1, 14 150470.131081;
6, 25 150608.291680;
4, 17 150767.352238;
4, 17 150901.321017;
5, 24 151045.663132;
6, 25 151196.296574;
11, 36 151355.506867;
3, 16 151495.920970;
1, 14 151660.095737;
3, 16 151660.095737;
5, 24 151825.204177;
6, 25 151825.204177;
7, 26 151825.204177;
8, 27 151825.204177;
2, 15 151960.212143;
5, 24 152100.433728;
6, 25 152269.450538;
1, 14 152421.933207;
12, 37 152569.160263;
6, 25 152734.556435;
3, 16 152862.388032;
10, 35 153012.978386;
7, 26 153179.009088;
8, 27 153326.857754;
1, 14 153500.924815;
11, 36 153632.374457;
10, 35 153809.941332;
3, 16 153973.171798;
2, 15 154127.171874;
11, 36 154293.056242;
8, 27 154433.125501;
2, 15 154597.542204;
3, 16 154757.098055;
11, 36 154926.442847;
2, 15 155080.275492;
5, 24 155241.028056;
4, 17 155396.907395;
5, 24 155572.942647;
6, 25 155572.942647;
7, 26 155572.942647;
8, 27 155572.942647;
11, 36 155705.066759;
1, 14 155889.608208;
11, 36 156064.285779;
5, 24 156226.148399;
7, 26 156226.148399;
9, 34 156404.738416;
10, 35 156404.738416;
11, 36 156404.738416;
12, 37 156404.738416;
12, 37 156545.309685;
11, 36 156728.100454;
9, 34 156883.939932;
11, 36 156883.939932;
7, 26 157059.795450;
4, 17 157231.693671;
2, 15 157382.660169;
6, 25 157572.516976;
3, 16 157736.297888;
2, 15 157913.662194;
12, 37 158037.453802;
12, 37 158259.743910;
2, 15 158446.770117;
10, 35 158604.468766;
11, 36 158775.937527;
4, 17 158941.352443;
4, 17 159130.996435;
5, 24 159308.301827;
11, 36 159484.475705;
6, 25 159637.532210;
1, 14 159836.783817;
2, 15 160032.366376;
5, 24 160219.719903;
11, 36 160387.885587;
7, 26 160575.368065;
12, 37 160753.247440;
9, 34 160943.819598;
10, 35 160943.819598;
11, 36 160943.819598;
12, 37 160943.819598;
7, 26 161120.264864;
8, 27 161308.556791;
11, 36 161503.200707;
4, 17 161689.581209;
10, 35 161889.953981;
8, 27 162069.457880;
7, 26 162261.923152;
10, 35 162451.364396;
7, 26 162622.904683;
12, 37 162825.841369;
4, 17 163028.544126;
9, 34 163231.127223;
9, 34 163426.701809;
11, 36 163426.701809;
9, 34 163627.029099;
9, 34 163832.638378;
10, 35 163832.638378;
11, 36 163832.638378;
12, 37 163832.638378;
9, 34 164044.106858;
7, 26 164230.356575;
3, 16 164438.784699;
8, 27 164644.744621;
8, 27 164835.387705;
11, 36 165044.444479;
6, 25 165254.521082;
5, 24 165454.838469;
7, 26 165454.838469;
7, 26 165677.950149;
8, 27 165885.865496;
4, 17 166084.564502;
5, 24 166296.662161;
3, 16 166517.812669;
11, 36 166734.374861;
3, 16 166960.274901;
5, 24 167161.666789;
6, 25 167161.666789;
7, 26 167161.666789;
8, 27 167161.666789;
7, 26 167398.436037;
2, 15 167616.252969;
4, 17 167830.693376;
4, 17 168065.918768;
4, 17 168298.095721;
7, 26 168510.641811;
8, 27 168752.198335;
8, 27 168979.701323;
8, 27 169211.955442;
5, 24 169449.383978;
6, 25 169449.383978;
7, 26 169449.383978;
8, 27 169449.383978;
2, 15 169678.350962;
11, 36 169911.233303;
3, 16 170150.852047;
3, 16 170395.827198;
7, 26 170639.975232;
3, 16 170878.898518;
7, 26 171129.037185;
10, 35 171377.580067;
7, 26 171646.119810;
1, 14 171879.698779;
12, 37 172152.490031;
1, 14 172398.149500;
2, 15 172398.149500;
3, 16 172398.149500;
4, 17 172398.149500;
11, 36 172636.450305;
1, 14 172910.520953;
4, 17 173176.912715;
12, 37 173437.454607;
10, 35 173697.602992;
3, 16 173977.911336;
10, 35 174245.024782;
4, 17 174519.009864;
12, 37 174800.801643;
11, 36 175070.710115;
2, 15 175357.337676;
3, 16 175646.557852;
1, 14 175925.104560;
5, 24 176226.148470;
6, 25 176226.148470;
7, 26 176226.148470;
8, 27 176226.148470;
4, 17 176524.389770;
4, 17 176813.658579;
1, 14 177104.274520;
2, 15 177104.274520;
3, 16 177104.274520;
4, 17 177104.274520;
11, 36 177397.939459;
12, 37 177712.416155;
3, 16 178019.564812;
1, 14 178309.878997;
11, 36 178632.652954;
3, 16 178957.572546;
8, 27 179274.028778;
11, 36 179596.897979;
1, 14 179926.747641;
2, 15 179926.747641;
3, 16 179926.747641;
4, 17 179926.747641;
4, 17 180246.468186;
7, 26 180575.368111;
8, 27 180909.462252;
1, 14 181262.976781;
3, 16 181594.507781;
2, 15 181945.682965;
6, 25 182310.524937;
12, 37 182646.219326;
12, 37 183018.516639;
12, 37 183380.178720;
8, 27 183731.831623;
11, 36 184116.471302;
11, 36 184484.147525;
8, 27 184883.018679;
12, 37 185254.312317;
8, 27 185646.032594;
8, 27 186030.346868;
2, 15 186448.015806;
1, 14 186834.258185;
11, 36 187242.715523;
10, 35 187652.298722;
9, 34 188072.357721;
10, 35 188072.357721;
11, 36 188072.357721;
12, 37 188072.357721;
3, 16 188495.235311;
9, 34 188919.515882;
4, 17 189359.077250;
2, 15 189799.316133;
10, 35 190226.552181;
11, 36 190662.764399;
2, 15 191113.944970;
5, 24 191557.868502;
11, 36 192016.996546;
8, 27 192466.216995;
4, 17 192935.996713;
12, 37 193428.595200;
9, 34 193895.002726;
3, 16 194346.185322;
10, 35 194844.319766;
9, 34 195335.799705;
10, 35 195335.799705;
11, 36 195335.799705;
12, 37 195335.799705;
7, 26 195792.637732;
4, 17 196281.190327;
1, 14 196798.552793;
2, 15 197284.233964;
3, 16 197772.118066;
3, 16 198277.898726;
3, 16 198767.199067;
2, 15 199272.226175;
9, 34 199774.002223;
9, 34 200000.000957;
10, 35 200000.000957;
11, 36 200000.000957;
12, 37 200000.000957;
